0.000290994	256
0.000536192	256
0.000851245	256
0.00116029	256
0.00147788	256
0.00178795	256
0.00209768	256
0.00239487	256
0.00265274	255
0.00291127	255
0.00319321	255
0.00344203	255
0.00376043	255
0.00405832	255
0.00429523	255
0.00449443	254
0.00481564	254
0.00509986	254
0.00542883	254
0.00578854	254
0.00604681	254
0.00639505	254
0.00674537	254
0.0069978	254
0.00729518	254
0.00755147	253
0.00782752	253
0.0081341	253
0.0084589	253
0.00881141	252
0.00913077	252
0.00948789	252
0.00982012	252
0.0101592	252
0.0105785	252
0.0108056	251
0.0110549	251
0.0113557	251
0.0117323	250
0.0120462	250
0.0123443	249
0.0125842	249
0.0129235	249
0.0133402	249
0.0135506	248
0.0138095	247
0.014082	247
0.0143405	247
0.0146794	247
0.0150637	247
0.0153912	246
0.0156227	246
0.0159308	246
0.0162333	245
0.0165254	245
0.0167385	245
0.0169631	245
0.0172172	245
0.0175231	245
0.0178023	245
0.0180492	245
0.0183948	245
0.01862	245
0.0188736	245
0.0192049	245
0.0195368	245
0.0197401	245
0.0199806	245
0.0202311	245
0.0206178	245
0.0208792	244
0.0211922	244
0.0215036	243
0.0217976	243
0.0220284	243
0.0223572	243
0.0226636	243
0.0230138	243
0.0232759	243
0.0235396	243
0.0239293	243
0.0241677	243
0.0244633	242
0.0247518	242
0.0250149	242
0.0252912	242
0.025612	242
0.0259622	242
0.0261841	242
0.0264405	242
0.0267135	242
0.0269867	242
0.0274212	242
0.0278166	242
0.0280821	242
0.028368	241
0.0286466	241
0.0289019	241
0.0291194	241
0.0295045	239
0.0298369	239
0.0301017	238
0.0304427	238
0.0306619	238
0.0309042	238
0.0312034	238
0.0315708	238
0.0318306	238
0.0320844	238
0.0324057	238
0.0326166	238
0.0329343	238
0.0332171	238
0.0335042	237
0.0338639	237
0.0341551	237
0.0343797	237
0.0346792	237
0.0349331	237
0.03525	236
0.0355222	236
0.0358473	235
0.036126	235
0.0364201	235
0.0366646	235
0.0369665	235
0.0372421	235
0.0374705	235
0.0377886	235
0.0381268	235
0.0384313	235
0.0387602	235
0.0390225	235
0.0392654	235
0.0395279	235
0.0398222	235
0.0400342	233
0.0403442	233
0.0406349	233
0.0408672	232
0.0410991	231
0.0413307	231
0.0415432	231
0.0417697	231
0.0420581	231
0.0424406	230
0.0427486	230
0.0431055	230
0.043414	230
0.0437856	230
0.0441701	230
0.0444458	230
0.0447306	230
0.0449506	230
0.0451626	230
0.0454229	230
0.0456425	230
0.0459067	230
0.0461119	230
0.0463538	230
0.0466934	230
0.046931	230
0.0471314	230
0.047368	230
0.0476682	230
0.0480642	230
0.0484045	230
0.0486726	230
0.0489701	230
0.049202	230
0.0495976	230
0.0499033	229
0.0502574	229
0.0505984	228
0.0508914	228
0.0512222	228
0.0515423	228
0.0518518	228
0.0520806	227
0.0523152	226
0.0525798	226
0.0529086	226
0.0531574	226
0.05345	226
0.0537921	226
0.0540895	226
0.0543437	226
0.0546265	226
0.0549135	226
0.0553064	226
0.0555452	225
0.0558067	225
0.0560503	225
0.0563397	225
0.0566919	225
0.057016	224
0.0572929	224
0.0575783	224
0.0579078	224
0.0581826	224
0.0583874	224
0.0586962	223
0.0589258	223
0.059275	223
0.0595925	222
0.0598848	220
0.0601558	220
0.0604075	220
0.0607446	220
0.0610256	220
0.0612677	220
0.0616181	219
0.0618871	219
0.0622368	219
0.0625258	218
0.0627621	218
0.0629827	217
0.0632645	217
0.0636163	217
0.0638438	217
0.0641771	217
0.0644388	217
0.0647074	217
0.065083	217
0.0654105	217
0.0657989	217
0.0661334	217
0.0664061	217
0.0667316	217
0.0670384	217
0.0673486	217
0.0676339	217
0.0679366	216
0.0682838	216
0.0685768	216
0.0688074	216
0.0690665	215
0.0693913	215
0.069667	214
0.070033	214
0.0703529	214
0.0706589	214
0.0708874	214
0.071117	214
0.0713423	214
0.0716333	214
0.0719064	214
0.0721988	214
0.072454	214
0.072848	214
0.0731491	214
0.0734859	214
0.0738884	213
0.0742058	213
0.0745183	213
0.0748764	213
0.0752329	213
0.0755243	213
0.0758096	212
0.0762014	212
0.0764011	212
0.076544	212
0.076812	212
0.0772107	212
0.0775912	212
0.0779414	212
0.0781979	212
0.0785424	212
0.0787718	211
0.0791983	211
0.0796	210
0.0798334	209
0.0801144	209
0.0804439	208
0.0808295	208
0.0810976	208
0.0812949	208
0.0816521	208
0.0818982	208
0.0821048	208
0.0825079	208
0.0828426	208
0.0832182	208
0.0834823	208
0.0837522	207
0.0840005	207
0.0842624	206
0.0846905	205
0.0850695	205
0.0854948	204
0.0857374	202
0.0860998	202
0.0864271	202
0.0866199	202
0.0868644	202
0.0872016	202
0.0875222	202
0.0878192	202
0.088062	202
0.088389	201
0.0885979	201
0.0889307	201
0.0893203	200
0.0896223	200
0.0899828	199
0.0902725	199
0.0906221	199
0.0909004	199
0.0912374	199
0.0915747	198
0.0918839	198
0.0921453	198
0.0924564	198
0.0927211	198
0.0929939	198
0.0931943	198
0.0934382	198
0.0937942	198
0.0939919	198
0.0942643	198
0.0946051	198
0.09503	198
0.0952811	198
0.0956418	196
0.0958952	196
0.0962302	196
0.096629	195
0.0969125	195
0.0972206	194
0.0974967	193
0.0978357	193
0.0980042	193
0.0982645	193
0.0985046	193
0.0987838	193
0.0990368	192
0.0993778	192
0.0996587	192
0.0999826	192
0.100373	192
0.100659	191
0.100938	190
0.101342	190
0.10179	190
0.102101	190
0.102407	190
0.102647	190
0.102967	190
0.103352	189
0.103729	188
0.104017	188
0.104311	188
0.104661	187
0.104963	187
0.105252	187
0.105529	187
0.105916	187
0.10627	187
0.10652	187
0.106941	186
0.10739	185
0.107841	185
0.108211	185
0.108504	185
0.108888	185
0.109129	184
0.109516	183
0.109827	183
0.110089	183
0.110499	183
0.110853	183
0.11114	183
0.111376	183
0.111689	183
0.111992	182
0.11224	182
0.112565	182
0.112766	182
0.113163	182
0.113581	182
0.113894	182
0.114183	182
0.114497	181
0.114835	181
0.115168	181
0.115543	181
0.115739	181
0.116032	181
0.116391	181
0.116621	181
0.116826	181
0.117179	181
0.117527	181
0.117818	180
0.118106	179
0.118549	179
0.118878	179
0.119146	179
0.119609	178
0.119921	178
0.120125	177
0.12049	177
0.120844	177
0.121304	177
0.121786	176
0.122071	176
0.122364	176
0.122582	176
0.122851	176
0.123179	176
0.123447	176
0.123724	176
0.124051	176
0.124388	175
0.124608	175
0.124976	175
0.125423	175
0.125766	173
0.126099	173
0.126429	173
0.126734	173
0.127025	173
0.127329	173
0.127552	173
0.127906	173
0.12828	172
0.128808	172
0.129032	172
0.129316	171
0.129808	171
0.130071	171
0.1307	171
0.131109	171
0.13145	171
0.131799	171
0.132094	171
0.13244	171
0.132669	171
0.133048	171
0.133416	171
0.133789	169
0.134233	168
0.134504	168
0.134994	168
0.135233	168
0.135656	168
0.136093	167
0.136431	167
0.136856	167
0.13716	167
0.137556	167
0.137897	167
0.13824	167
0.138551	167
0.139026	167
0.139305	167
0.139836	167
0.140065	167
0.140276	167
0.140604	166
0.140848	166
0.141173	166
0.141648	166
0.141962	166
0.142334	166
0.142728	166
0.143013	164
0.143386	164
0.143852	164
0.144392	164
0.145031	164
0.145296	164
0.14569	164
0.146221	164
0.146454	163
0.146719	163
0.147	163
0.147386	163
0.147691	162
0.147965	162
0.148274	161
0.148526	161
0.14879	161
0.149196	161
0.149671	160
0.15004	160
0.150419	160
0.150868	160
0.151311	159
0.151561	159
0.151866	159
0.152146	158
0.152594	158
0.152842	158
0.153205	158
0.153607	158
0.153843	158
0.154087	155
0.154493	155
0.154833	155
0.155373	155
0.155711	155
0.15598	155
0.156271	155
0.156603	155
0.157013	155
0.157311	154
0.157765	154
0.158006	154
0.158382	154
0.158809	154
0.15929	154
0.159816	154
0.160139	154
0.160771	154
0.161173	154
0.161477	153
0.161728	153
0.162167	153
0.162451	153
0.162783	153
0.16308	152
0.163441	152
0.163677	152
0.164016	152
0.164452	152
0.164916	152
0.165267	152
0.165531	152
0.166058	152
0.166646	152
0.166995	152
0.167434	151
0.167788	151
0.168237	150
0.168621	150
0.168938	150
0.169333	150
0.169784	150
0.170083	150
0.170496	150
0.170963	150
0.171345	148
0.171731	148
0.172072	148
0.172562	148
0.172866	148
0.173455	148
0.17394	148
0.174168	148
0.174463	148
0.174856	148
0.175287	148
0.175593	148
0.175886	148
0.176368	148
0.176692	148
0.177069	148
0.177496	148
0.178039	147
0.178306	147
0.178543	147
0.178981	146
0.179398	146
0.179911	146
0.180233	146
0.18051	146
0.180806	146
0.181264	146
0.181541	146
0.182001	146
0.182408	146
0.182833	146
0.183158	146
0.183529	146
0.184009	146
0.184513	146
0.184851	146
0.185405	146
0.185946	145
0.186363	145
0.186743	144
0.187079	144
0.187388	144
0.187658	144
0.188285	143
0.188611	142
0.188979	142
0.189302	142
0.18978	141
0.190215	141
0.190565	141
0.191048	141
0.191422	141
0.191688	141
0.191956	141
0.192145	141
0.192556	141
0.192956	141
0.19347	141
0.193798	141
0.194073	140
0.194324	140
0.194675	140
0.194919	140
0.195215	140
0.195646	140
0.196105	140
0.196457	140
0.196829	139
0.197128	139
0.197452	139
0.1978	139
0.198189	139
0.198576	139
0.198896	139
0.199421	139
0.199893	139
0.200103	139
0.200497	139
0.200834	139
0.201142	139
0.201597	139
0.20192	139
0.202257	139
0.202755	137
0.203113	137
0.203616	137
0.203975	137
0.204444	136
0.204802	135
0.20521	135
0.205637	135
0.206155	134
0.206478	134
0.20685	134
0.207277	134
0.207641	134
0.208194	133
0.208566	133
0.208929	133
0.20925	133
0.209676	133
0.210149	133
0.210554	133
0.211089	133
0.211447	132
0.211843	132
0.212239	131
0.212593	131
0.213047	131
0.213305	131
0.213648	131
0.214003	131
0.214372	131
0.214655	131
0.214952	130
0.215583	130
0.216114	130
0.216413	130
0.216775	130
0.217225	130
0.217565	130
0.2179	130
0.218368	130
0.218804	129
0.219205	129
0.219508	129
0.219985	129
0.220218	129
0.220817	129
0.221136	129
0.221556	129
0.221951	128
0.222236	128
0.222659	127
0.222927	127
0.223355	127
0.223919	126
0.22445	126
0.224863	125
0.22528	123
0.225842	123
0.226422	123
0.226753	123
0.22728	123
0.227704	123
0.227964	123
0.228403	123
0.228711	122
0.229171	121
0.229638	121
0.230092	121
0.230615	121
0.23099	121
0.23125	121
0.231719	121
0.232167	121
0.232531	121
0.232824	121
0.233172	121
0.233689	120
0.234065	120
0.234625	120
0.235258	120
0.235696	120
0.236214	120
0.236587	120
0.237391	120
0.237666	120
0.238093	120
0.238498	120
0.239061	119
0.239504	119
0.239868	119
0.24017	119
0.240713	119
0.241041	119
0.241539	118
0.24191	118
0.242328	118
0.242794	118
0.243327	118
0.243719	118
0.24417	118
0.244623	118
0.245063	118
0.245453	118
0.245715	118
0.24624	118
0.246699	118
0.247532	117
0.247905	117
0.248426	117
0.248728	117
0.249123	117
0.249733	117
0.250155	116
0.250498	116
0.251002	116
0.251327	115
0.251823	115
0.252266	115
0.252813	115
0.253328	115
0.253713	113
0.254225	113
0.254729	113
0.255061	113
0.255561	113
0.256049	112
0.256607	112
0.256958	112
0.257353	112
0.257666	112
0.258252	112
0.258545	111
0.259037	111
0.259572	111
0.259995	111
0.260516	111
0.260971	111
0.261425	111
0.261961	111
0.262382	111
0.262835	111
0.26316	111
0.263641	110
0.26439	110
0.264885	110
0.265329	110
0.265807	110
0.266171	110
0.266561	110
0.266962	110
0.267519	110
0.268117	110
0.268534	110
0.26914	110
0.269616	110
0.27019	110
0.270772	110
0.271168	110
0.271577	110
0.27205	110
0.27244	110
0.272957	110
0.273469	110
0.273864	110
0.274465	110
0.274849	109
0.27524	109
0.275551	109
0.276	109
0.276608	109
0.277052	108
0.277605	108
0.277904	107
0.278288	107
0.278637	107
0.279115	106
0.279542	106
0.279899	105
0.280279	104
0.280821	104
0.281692	104
0.282222	104
0.282702	104
0.283192	104
0.283802	103
0.284112	103
0.284633	101
0.285068	101
0.285358	101
0.285945	101
0.286304	101
0.286701	101
0.28726	101
0.287791	100
0.288576	100
0.289021	100
0.289538	100
0.290128	100
0.290716	100
0.291285	100
0.291683	99
0.292078	99
0.292411	99
0.292928	99
0.293459	99
0.294077	99
0.294347	99
0.294631	99
0.295045	99
0.295536	99
0.295949	99
0.29656	98
0.297009	97
0.297376	97
0.297833	97
0.298372	97
0.298906	97
0.299629	96
0.300318	96
0.300811	96
0.301473	96
0.302214	96
0.302615	96
0.303208	96
0.303677	96
0.304068	96
0.304426	96
0.304897	96
0.305425	96
0.305664	96
0.306155	96
0.306625	96
0.307203	96
0.307878	96
0.308356	96
0.30865	95
0.309363	95
0.30972	95
0.310222	95
0.310636	94
0.311318	94
0.311548	94
0.311924	94
0.312315	94
0.312873	94
0.313536	94
0.314005	94
0.314345	94
0.314869	94
0.315143	94
0.315901	94
0.316389	94
0.316703	94
0.317595	94
0.318297	94
0.31886	94
0.319264	93
0.319933	93
0.320621	93
0.32136	93
0.321845	92
0.322453	92
0.322891	92
0.323528	92
0.324242	92
0.324886	92
0.325343	92
0.325961	92
0.326487	92
0.326891	92
0.327409	92
0.328026	92
0.328312	92
0.328664	91
0.329154	91
0.329744	91
0.330225	91
0.33088	91
0.331409	91
0.33193	91
0.332441	89
0.333211	89
0.333642	88
0.334164	88
0.334843	88
0.335376	88
0.336056	88
0.336807	88
0.337162	87
0.33773	87
0.338182	87
0.338788	87
0.339224	87
0.339993	87
0.340555	87
0.340912	87
0.341464	87
0.342198	87
0.342494	87
0.343244	87
0.34386	87
0.344251	87
0.345048	87
0.345585	87
0.346131	87
0.346866	87
0.347336	87
0.347961	86
0.348608	86
0.349536	85
0.350272	85
0.350701	85
0.351403	85
0.352287	85
0.352928	85
0.353581	85
0.354077	85
0.354714	85
0.355403	85
0.356015	85
0.356346	85
0.357167	85
0.357817	85
0.358864	85
0.359331	85
0.359749	85
0.360271	85
0.360696	85
0.361611	85
0.362281	85
0.362803	85
0.363487	85
0.363986	84
0.364325	84
0.364969	84
0.365671	84
0.366287	84
0.36691	84
0.367288	84
0.368112	84
0.368493	84
0.369446	84
0.369787	84
0.370246	84
0.370778	84
0.371562	84
0.371953	84
0.372357	84
0.372959	83
0.37356	83
0.37442	83
0.375012	83
0.375507	83
0.3758	82
0.376384	82
0.377164	82
0.378143	81
0.378663	80
0.379858	80
0.380294	80
0.38064	80
0.381005	80
0.381521	80
0.382006	80
0.382873	80
0.38347	80
0.383998	80
0.384434	79
0.384908	79
0.385528	79
0.386109	79
0.386717	79
0.387341	79
0.387882	79
0.388247	79
0.388658	79
0.389413	79
0.390125	78
0.390762	78
0.391209	78
0.391703	78
0.39221	78
0.392779	78
0.393363	78
0.394122	78
0.394421	78
0.394859	78
0.395526	78
0.396261	78
0.396628	78
0.396975	78
0.397357	78
0.397846	78
0.398479	78
0.399058	78
0.399644	78
0.400523	78
0.401351	78
0.401922	78
0.402357	78
0.402943	78
0.403838	78
0.404522	78
0.404878	78
0.405408	78
0.40573	78
0.406276	78
0.407066	78
0.407546	78
0.407909	78
0.408719	78
0.409317	78
0.409973	78
0.410472	78
0.410864	78
0.411769	78
0.412417	78
0.41314	78
0.413912	78
0.414655	77
0.415563	77
0.416276	77
0.417249	77
0.417683	77
0.418381	77
0.419018	77
0.419592	77
0.420378	77
0.420696	77
0.421258	77
0.421703	77
0.422521	77
0.423345	77
0.424184	77
0.424628	77
0.425331	77
0.426329	77
0.42685	77
0.4273	77
0.427781	77
0.428445	77
0.428859	77
0.429612	77
0.430285	77
0.430877	77
0.431389	77
0.431784	77
0.432289	77
0.433121	76
0.433619	76
0.434133	76
0.43455	76
0.43513	76
0.436123	76
0.436589	76
0.436894	75
0.437201	75
0.437861	75
0.438549	75
0.439187	75
0.439577	75
0.440116	75
0.441164	75
0.441922	75
0.44276	73
0.443326	73
0.443832	73
0.444694	73
0.445042	73
0.445567	73
0.446209	73
0.446665	72
0.447782	72
0.448468	72
0.449069	72
0.449716	72
0.450258	72
0.451061	72
0.451685	72
0.452325	72
0.452921	72
0.453898	72
0.454326	72
0.454847	72
0.455686	72
0.456012	72
0.45658	72
0.457157	72
0.458075	72
0.458568	72
0.459249	72
0.460134	72
0.460627	72
0.461032	72
0.462189	71
0.462617	71
0.463302	71
0.463932	71
0.464572	71
0.465248	71
0.466005	71
0.46649	71
0.466917	71
0.467742	71
0.468577	71
0.469287	70
0.469987	70
0.470306	70
0.470915	70
0.47147	70
0.472293	70
0.472636	70
0.473234	70
0.473745	70
0.474661	70
0.475482	70
0.476039	70
0.477084	70
0.47798	69
0.479163	69
0.479766	69
0.480429	69
0.481319	69
0.481965	69
0.482601	69
0.483178	69
0.483887	69
0.484539	69
0.48544	69
0.48594	69
0.4866	69
0.487444	69
0.488092	69
0.488567	69
0.489703	69
0.490884	69
0.491451	69
0.492235	69
0.493025	69
0.494035	69
0.494885	69
0.495565	69
0.496491	69
0.496956	69
0.497466	69
0.498187	69
0.499016	69
0.499331	69
0.499841	69
0.500308	69
0.501105	69
0.50161	69
0.502491	69
0.503086	69
0.503853	69
0.504621	69
0.505138	69
0.505608	69
0.506422	69
0.506769	69
0.507398	68
0.507738	68
0.508645	68
0.509195	68
0.509683	68
0.510621	68
0.511505	68
0.511971	68
0.512803	68
0.514051	68
0.514551	68
0.515322	68
0.515766	68
0.516419	67
0.517243	67
0.518171	67
0.518906	66
0.519414	66
0.520428	66
0.521218	66
0.521889	66
0.522959	65
0.523816	65
0.524487	65
0.525054	64
0.525755	64
0.526516	64
0.527037	64
0.527484	64
0.528565	63
0.529176	63
0.529875	63
0.530261	63
0.53111	63
0.531495	63
0.531924	63
0.532614	63
0.533337	63
0.533999	63
0.53488	63
0.535655	63
0.536185	63
0.536792	63
0.53734	63
0.538177	63
0.538622	63
0.539013	63
0.539581	63
0.540924	63
0.541434	63
0.541813	63
0.54313	63
0.543878	63
0.544881	63
0.545394	63
0.546195	63
0.547033	63
0.548008	63
0.548557	63
0.549254	63
0.549869	63
0.550385	62
0.551179	62
0.551754	62
0.552596	62
0.552949	61
0.553476	61
0.553938	61
0.554877	61
0.555368	61
0.556087	61
0.556474	61
0.557647	61
0.558788	60
0.559452	60
0.560005	59
0.560701	59
0.561155	58
0.562481	58
0.563018	58
0.563584	58
0.564436	58
0.564824	57
0.565419	57
0.566111	57
0.566898	57
0.567927	57
0.568683	57
0.569303	57
0.570132	56
0.570676	56
0.571552	56
0.572297	56
0.572903	56
0.573899	56
0.574937	56
0.575847	56
0.576463	56
0.576948	55
0.578008	55
0.578521	55
0.579099	55
0.579515	55
0.580439	55
0.581089	55
0.581671	55
0.582536	55
0.583249	55
0.583701	55
0.584935	55
0.585627	55
0.586228	55
0.587538	55
0.588401	55
0.589143	55
0.589607	55
0.590048	55
0.59099	55
0.591714	55
0.592775	55
0.593364	55
0.594427	54
0.595206	54
0.595913	54
0.596978	54
0.598446	54
0.599113	54
0.599893	54
0.600687	54
0.601154	54
0.602681	53
0.603383	52
0.603974	52
0.605271	52
0.606065	52
0.606601	52
0.607401	52
0.607904	52
0.608544	52
0.609052	52
0.609778	52
0.610137	52
0.610806	52
0.61154	52
0.612336	52
0.613166	52
0.614004	52
0.614654	52
0.615224	52
0.616069	52
0.61702	52
0.617908	52
0.619054	51
0.619732	51
0.620945	51
0.621696	51
0.62242	51
0.62357	51
0.624342	50
0.624866	50
0.62581	50
0.626544	50
0.627358	50
0.628071	50
0.628961	50
0.62962	50
0.630237	50
0.630789	50
0.631513	50
0.632043	50
0.632775	50
0.633757	50
0.634505	50
0.635766	50
0.636841	50
0.637242	50
0.637986	50
0.638641	50
0.63977	50
0.640712	50
0.641089	50
0.64221	50
0.642888	50
0.643319	50
0.643908	50
0.645378	50
0.645862	50
0.646826	50
0.647801	50
0.648444	50
0.649567	50
0.650158	50
0.65131	50
0.651697	50
0.652303	50
0.652879	50
0.653721	50
0.654358	50
0.654814	50
0.655877	50
0.656653	50
0.657648	50
0.658566	50
0.659216	50
0.660243	50
0.661117	50
0.661669	50
0.662758	50
0.663293	50
0.664064	49
0.664756	49
0.665676	49
0.667322	49
0.668368	49
0.669286	49
0.669736	49
0.670882	49
0.67195	49
0.672687	49
0.673357	49
0.674153	49
0.674948	49
0.675774	49
0.676572	49
0.677125	49
0.678699	49
0.679765	49
0.68021	49
0.681085	49
0.682276	49
0.683392	49
0.683829	49
0.68486	49
0.68546	49
0.68643	49
0.687694	49
0.688221	49
0.689203	49
0.689957	49
0.690589	49
0.691831	49
0.692438	49
0.693548	49
0.694611	49
0.695685	49
0.696355	49
0.697242	49
0.69809	49
0.698988	49
0.699855	49
0.700589	49
0.701202	49
0.701681	48
0.70336	48
0.704969	48
0.70575	48
0.706186	48
0.707426	48
0.708803	47
0.709199	47
0.709969	46
0.711033	46
0.712357	46
0.713103	46
0.71401	46
0.714341	46
0.7156	46
0.71643	46
0.717116	46
0.718161	46
0.719373	46
0.720081	45
0.720897	45
0.721929	45
0.722539	45
0.723525	45
0.724278	45
0.725274	45
0.726338	45
0.727177	45
0.727984	45
0.728585	45
0.729332	45
0.730062	45
0.731474	45
0.732945	45
0.734244	45
0.735508	45
0.736308	45
0.737685	45
0.737951	45
0.738823	45
0.73958	45
0.740403	45
0.741826	45
0.743464	45
0.745031	45
0.745421	45
0.746778	45
0.748108	45
0.749133	45
0.750493	45
0.750927	45
0.751506	45
0.752531	45
0.753006	45
0.753646	45
0.754442	45
0.755029	45
0.755448	45
0.756447	45
0.757199	45
0.758032	45
0.759484	45
0.760185	45
0.760696	45
0.761223	45
0.761913	45
0.76257	45
0.763118	45
0.763912	45
0.764533	45
0.765945	45
0.76672	45
0.768146	45
0.768673	45
0.76998	45
0.770504	45
0.771192	44
0.772133	43
0.772621	43
0.773409	43
0.774215	43
0.775836	43
0.776675	43
0.777315	43
0.7785	43
0.779535	43
0.780073	43
0.781029	43
0.782811	43
0.784402	43
0.785252	43
0.78592	43
0.786864	43
0.787557	43
0.788496	43
0.789593	43
0.790262	43
0.791625	43
0.792014	43
0.793512	43
0.795051	43
0.795522	43
0.796141	43
0.796516	43
0.797496	43
0.798412	43
0.800076	43
0.800548	43
0.801116	43
0.802166	43
0.803155	43
0.804152	43
0.805086	43
0.805451	43
0.806206	43
0.807631	43
0.808208	43
0.809302	43
0.809633	43
0.810811	43
0.811077	42
0.812007	42
0.813076	42
0.813468	42
0.814793	42
0.815386	42
0.816737	42
0.817894	42
0.819322	42
0.820723	42
0.821691	42
0.823196	42
0.82471	42
0.825392	42
0.82656	42
0.827783	42
0.828906	42
0.829527	42
0.83077	42
0.832219	42
0.833346	42
0.833767	42
0.834983	42
0.836234	42
0.836886	42
0.838242	42
0.838798	41
0.839458	41
0.840538	41
0.8411	41
0.841717	41
0.842125	41
0.842823	41
0.843886	41
0.844633	41
0.845383	41
0.84659	41
0.847672	41
0.848962	41
0.849529	41
0.850892	41
0.851541	41
0.853192	41
0.853872	41
0.854623	41
0.855849	41
0.856355	40
0.857156	40
0.858667	40
0.859417	40
0.860454	40
0.86112	40
0.861718	40
0.863367	40
0.864917	40
0.86549	40
0.866201	40
0.866984	40
0.867491	40
0.868044	40
0.86866	40
0.869818	40
0.871212	40
0.872475	40
0.873603	40
0.874955	40
0.875749	40
0.876672	40
0.877467	40
0.878325	40
0.878824	40
0.879542	40
0.88055	40
0.881304	40
0.88177	40
0.882534	40
0.883321	40
0.883876	40
0.885288	40
0.887072	40
0.887764	40
0.888539	40
0.889764	40
0.890984	40
0.891863	40
0.893033	40
0.89414	40
0.895442	40
0.896268	40
0.897232	40
0.898179	40
0.898991	40
0.89968	40
0.901074	40
0.902687	40
0.903802	40
0.904329	40
0.904818	40
0.90616	39
0.906725	39
0.907475	39
0.908435	39
0.909153	39
0.910602	39
0.91108	38
0.911757	38
0.912787	38
0.913319	38
0.914468	38
0.915199	37
0.916233	37
0.916928	36
0.917403	36
0.918572	36
0.919101	36
0.92046	36
0.922038	36
0.923573	35
0.924911	35
0.925942	35
0.927283	35
0.928595	35
0.929914	35
0.930684	35
0.93149	35
0.932496	35
0.933284	35
0.934338	35
0.935715	35
0.936524	35
0.937165	35
0.93846	35
0.939909	35
0.940671	35
0.941632	35
0.942718	35
0.944125	35
0.945265	35
0.945953	35
0.946824	35
0.947259	35
0.947934	35
0.949167	35
0.950737	35
0.951593	35
0.952693	35
0.954314	35
0.955524	35
0.956316	35
0.957481	35
0.958768	35
0.96018	35
0.961118	35
0.961548	35
0.962758	35
0.963981	34
0.965425	34
0.967255	34
0.968792	34
0.969556	34
0.970499	34
0.971291	34
0.972582	34
0.973806	34
0.974807	34
0.976224	34
0.977141	34
0.978408	34
0.979994	34
0.980906	34
0.981983	34
0.983394	34
0.984361	34
0.985106	34
0.986598	34
0.987022	34
0.988315	34
0.98894	34
0.990516	34
0.992062	34
0.992737	34
0.993762	34
0.994324	34
0.99522	34
0.996369	34
0.997584	34
0.998616	34
0.999887	34
1.00045	34
1.0011	34
1.00155	34
1.00287	34
1.00346	34
1.0043	34
1.00519	34
1.00581	34
1.00687	34
1.00858	34
1.01004	34
1.01092	34
1.01191	34
1.01356	34
1.01534	33
1.01704	32
1.01839	32
1.01953	32
1.02094	32
1.02219	32
1.02329	32
1.02476	32
1.02535	32
1.02654	32
1.02732	32
1.02836	32
1.0301	32
1.03112	32
1.032	32
1.03363	32
1.03477	32
1.03628	32
1.03716	32
1.0378	32
1.03961	32
1.04083	32
1.04185	32
1.04347	31
1.04492	31
1.0464	31
1.04739	31
1.04801	31
1.0493	31
1.05021	31
1.05111	31
1.05219	31
1.05376	31
1.05474	31
1.05565	31
1.05637	31
1.05705	31
1.05788	31
1.05887	31
1.06067	31
1.0625	31
1.06432	31
1.06613	31
1.06785	31
1.06962	31
1.07111	31
1.07171	31
1.07309	31
1.07415	31
1.07552	31
1.07697	30
1.07834	30
1.07899	30
1.07996	30
1.08121	30
1.08241	30
1.08376	30
1.08439	30
1.08598	30
1.08643	29
1.0877	29
1.08903	29
1.0905	29
1.0917	29
1.09258	29
1.09414	29
1.09509	29
1.09613	29
1.09711	29
1.09764	29
1.09915	29
1.1009	29
1.10165	29
1.10275	29
1.10384	28
1.10486	28
1.10642	28
1.10824	26
1.11011	26
1.11198	26
1.11361	26
1.11427	26
1.11547	26
1.11733	26
1.11919	26
1.12089	26
1.12223	26
1.12363	26
1.12538	26
1.12723	26
1.12907	26
1.13083	26
1.13242	26
1.13405	26
1.13585	26
1.1377	26
1.13925	26
1.14005	26
1.14082	26
1.14227	26
1.14339	26
1.14483	26
1.14665	26
1.14815	26
1.14933	26
1.1508	26
1.15233	26
1.15346	26
1.15461	26
1.15618	26
1.15696	25
1.15772	25
1.15861	25
1.15955	25
1.16132	25
1.16294	25
1.16369	25
1.16488	25
1.16667	25
1.16813	25
1.16879	25
1.16984	25
1.17164	25
1.17318	25
1.17458	25
1.17604	25
1.17734	25
1.17799	25
1.17951	25
1.18136	25
1.18323	25
1.18509	25
1.18673	25
1.18763	25
1.18832	25
1.18927	25
1.19025	25
1.19093	25
1.19157	25
1.19321	25
1.19471	24
1.19513	24
1.19648	24
1.19825	24
1.20012	24
1.20198	24
1.20375	24
1.20514	24
1.20581	24
1.20685	24
1.20791	24
1.20889	24
1.20958	24
1.21131	24
1.21255	24
1.21322	24
1.21454	24
1.2153	24
1.21677	24
1.21851	24
1.22004	24
1.22106	24
1.22166	24
1.22312	24
1.22479	24
1.2266	24
1.22846	24
1.23033	24
1.2322	24
1.23397	24
1.23545	24
1.23662	24
1.23764	24
1.23827	24
1.23977	24
1.24124	24
1.24224	24
1.2432	24
1.24468	24
1.2465	24
1.24751	24
1.24821	24
1.24959	24
1.25139	24
1.25281	24
1.25371	23
1.2553	23
1.25686	23
1.25838	23
1.2598	23
1.26112	23
1.26266	22
1.26438	22
1.26622	22
1.26781	22
1.26865	22
1.27001	22
1.27187	22
1.27373	22
1.2754	22
1.27653	22
1.27777	22
1.27954	22
1.28141	22
1.28318	22
1.28431	22
1.28516	22
1.28651	22
1.28692	22
1.28875	22
1.29055	22
1.29229	22
1.29394	22
1.29538	22
1.29626	22
1.29747	22
1.29872	22
1.30006	22
1.30141	22
1.30204	22
1.30357	22
1.30544	22
1.30731	22
1.30919	22
1.31092	22
1.31182	22
1.31306	22
1.31488	22
1.31633	22
1.31711	22
1.31845	22
1.32029	22
1.32207	22
1.32382	22
1.32454	22
1.3255	22
1.32733	22
1.3292	21
1.33108	21
1.33242	21
1.33299	21
1.33467	21
1.33613	21
1.33725	21
1.33819	21
1.33942	21
1.34081	21
1.34221	21
1.34331	21
1.34502	21
1.34686	21
1.34874	21
1.35059	21
1.35239	21
1.35405	21
1.35553	21
1.3574	21
1.35927	21
1.36065	21
1.36135	21
1.36286	21
1.36471	21
1.3665	21
1.36814	21
1.3696	20
1.37097	19
1.37247	19
1.37416	19
1.37597	19
1.37755	19
1.37854	19
1.37964	19
1.38133	19
1.38314	19
1.38492	19
1.38668	19
1.38844	19
1.39021	19
1.39184	19
1.39353	19
1.39535	19
1.39719	19
1.39902	19
1.40087	19
1.40273	19
1.4046	19
1.40647	19
1.40833	19
1.4102	19
1.41205	19
1.41383	19
1.41555	19
1.41729	19
1.41903	19
1.42039	19
1.42151	19
1.42296	19
1.42474	19
1.42657	19
1.42841	19
1.43016	18
1.43193	18
1.43378	18
1.43566	17
1.43753	17
1.43941	17
1.44128	17
1.44315	17
1.44496	17
1.44667	17
1.44739	17
1.44883	17
1.45036	17
1.45123	16
1.45235	16
1.45411	16
1.45598	16
1.45719	16
1.45783	16
1.45959	16
1.46098	16
1.46196	16
1.46322	16
1.46494	16
1.46679	16
1.46859	16
1.4695	16
1.47063	16
1.47242	16
1.47421	16
1.47552	16
1.47647	16
1.47789	16
1.4797	16
1.48157	16
1.48344	16
1.4853	16
1.4871	16
1.48878	16
1.49032	16
1.49178	16
1.49333	16
1.49432	16
1.49534	16
1.49713	16
1.49899	16
1.50086	16
1.50273	16
1.50461	16
1.50648	16
1.5083	16
1.50976	16
1.511	16
1.51219	16
1.51321	16
1.51493	16
1.51672	16
1.51857	16
1.52034	16
1.52097	16
1.52212	16
1.52397	16
1.52582	16
1.52765	16
1.52917	16
1.53009	16
1.53159	16
1.53228	16
1.53344	16
1.53528	16
1.53713	15
1.539	15
1.54087	14
1.54269	14
1.54441	14
1.54598	14
1.54753	14
1.54918	14
1.55097	14
1.55282	14
1.55469	14
1.55654	14
1.55784	14
1.55871	14
1.55976	14
1.56078	14
1.56247	14
1.56434	14
1.56622	14
1.56809	14
1.56997	14
1.57184	14
1.57371	14
1.57558	14
1.57745	13
1.57933	13
1.5812	13
1.58271	13
1.58317	13
1.58487	13
1.58674	13
1.58862	13
1.59049	13
1.59237	13
1.59425	13
1.59613	13
1.598	13
1.59988	13
1.60175	11
1.60363	11
1.6055	11
1.60737	11
1.60924	11
1.61111	11
1.61298	11
1.61485	11
1.61673	11
1.6186	11
1.62044	11
1.62154	11
1.62226	11
1.62395	11
1.62577	11
1.62763	11
1.6295	11
1.63138	11
1.63319	11
1.63403	11
1.63485	11
1.63667	11
1.63854	11
1.64026	11
1.6419	11
1.64373	11
1.6456	11
1.64748	11
1.64936	11
1.65123	11
1.65311	11
1.65499	11
1.65687	11
1.65874	11
1.66061	11
1.66249	11
1.66434	11
1.66613	11
1.66771	11
1.66902	11
1.67032	11
1.67189	11
1.67367	11
1.67552	11
1.6774	11
1.67926	11
1.68107	11
1.68284	11
1.68468	11
1.68655	11
1.68842	11
1.69027	11
1.69212	11
1.69398	11
1.69586	11
1.69773	11
1.6996	11
1.70148	11
1.70335	11
1.70523	11
1.70711	11
1.70899	11
1.71087	11
1.71275	11
1.71463	10
1.71651	10
1.71839	10
1.72027	10
1.72215	9
1.72403	9
1.72591	9
1.72779	9
1.72966	9
1.73154	9
1.73342	9
1.7353	9
1.73718	9
1.73905	9
1.74085	9
1.74239	9
1.7439	9
1.74568	9
1.74755	8
1.74942	8
1.7513	8
1.75314	8
1.75464	8
1.75559	8
1.75688	8
1.75867	8
1.76055	8
1.76242	8
1.7643	8
1.76618	8
1.76806	8
1.76993	8
1.77181	8
1.77369	8
1.77557	8
1.77745	8
1.77932	8
1.7812	8
1.78308	8
1.78495	8
1.78682	8
1.78861	8
1.79008	8
1.7911	8
1.7923	8
1.79398	8
1.79582	8
1.79767	8
1.79899	8
1.79973	8
1.8012	8
1.80281	8
1.80391	8
1.80508	8
1.80677	8
1.80862	8
1.8105	8
1.81237	8
1.81425	8
1.81611	8
1.81798	8
1.81985	8
1.82172	8
1.82359	8
1.82525	8
1.82624	8
1.82739	8
1.82917	8
1.83104	8
1.8329	8
1.83472	8
1.83649	8
1.83823	8
1.83998	8
1.84179	8
1.84361	8
1.84524	8
1.8465	8
1.84762	8
1.84906	8
1.8508	8
1.85264	8
1.85452	8
1.85639	8
1.85826	8
1.86014	8
1.86202	8
1.8639	8
1.86578	8
1.86765	8
1.86953	8
1.87141	8
1.87328	8
1.8751	8
1.87657	8
1.8775	7
1.87875	7
1.88052	7
1.8824	7
1.88427	7
1.88615	7
1.88803	7
1.88991	7
1.89179	7
1.89366	7
1.89554	7
1.89742	7
1.8993	7
1.90118	7
1.90306	7
1.90494	7
1.90682	7
1.9087	7
1.91058	7
1.91246	7
1.91434	7
1.91622	6
1.9181	6
1.91999	6
1.92187	6
1.92375	6
1.92562	6
1.9275	6
1.92938	6
1.93126	6
1.93314	6
1.93502	6
1.93689	6
1.93877	6
1.94064	6
1.94252	6
1.9444	6
1.94628	6
1.94814	6
1.9491	6
1.94975	6
1.95154	6
1.95341	6
1.95529	6
1.95717	6
1.95905	6
1.96093	6
1.96281	6
1.96469	6
1.96657	6
1.96845	6
1.97033	6
1.97221	6
1.97409	6
1.97597	6
1.97785	6
1.97973	6
1.9816	6
1.98348	6
1.98536	6
1.98723	6
1.9891	6
1.99097	6
1.99284	6
1.99468	6
1.99649	6
1.99827	6
1.99996	6
2.00158	6
2.00322	6
2.00495	6
2.00677	6
2.00863	6
2.0105	6
2.01237	6
2.01425	6
2.01612	6
2.01799	6
2.01987	6
2.02174	6
2.02361	6
2.02549	6
2.02737	6
2.02924	6
2.03112	6
2.033	6
2.03488	6
2.03675	6
2.03862	6
2.0405	6
2.04237	6
2.04424	6
2.04609	6
2.04788	6
2.04958	6
2.05111	6
2.0525	6
2.05391	6
2.05546	6
2.05718	6
2.05897	6
2.0604	6
2.06137	6
2.06259	6
2.0643	6
2.06616	6
2.06803	6
2.0699	6
2.07178	6
2.07365	6
2.07553	6
2.07741	6
2.07929	6
2.08117	6
2.08305	6
2.08493	6
2.08681	6
2.08869	6
2.09056	6
2.09243	6
2.0943	6
2.09618	6
2.09805	6
2.09993	6
2.10181	6
2.10369	6
2.10557	6
2.10745	6
2.10933	6
2.11121	6
2.11309	6
2.11496	6
2.11684	6
2.11871	6
2.12059	6
2.12246	6
2.12432	6
2.12616	6
2.12793	6
2.12962	6
2.13126	6
2.13289	6
2.13459	6
2.13637	6
2.13821	6
2.14008	6
2.14195	6
2.14382	6
2.1457	6
2.14757	6
2.14945	6
2.15133	6
2.15321	6
2.15508	6
2.15696	6
2.15884	6
2.16071	6
2.16259	6
2.16447	6
2.16634	6
2.16822	6
2.17009	6
2.17196	6
2.17384	6
2.17572	6
2.17759	6
2.17947	6
2.18134	6
2.18322	6
2.1851	6
2.18698	6
2.18885	6
2.19073	6
2.19261	6
2.19449	6
2.19636	6
2.19823	6
2.20009	6
2.20175	6
2.2028	6
2.20378	6
2.20538	6
2.20723	6
2.2091	6
2.21097	6
2.21285	6
2.21473	6
2.21661	6
2.21848	6
2.22036	6
2.22223	6
2.22407	6
2.22557	6
2.22675	6
2.22833	6
2.23018	6
2.23205	6
2.23393	6
2.23581	6
2.23769	6
2.23957	6
2.24145	6
2.24333	6
2.24521	6
2.24709	6
2.24897	6
2.25085	6
2.25272	6
2.2546	6
2.25647	6
2.25834	6
2.26022	6
2.26208	6
2.26392	6
2.26577	6
2.26762	6
2.2695	6
2.27137	6
2.27325	6
2.27512	6
2.277	6
2.27888	6
2.28076	6
2.28264	6
2.28451	6
2.28639	6
2.28828	6
2.29015	6
2.29203	6
2.29391	6
2.29579	6
2.29767	6
2.29955	6
2.30143	6
2.30331	6
2.30518	6
2.30706	6
2.30893	6
2.31081	6
2.31268	6
2.31456	6
2.31643	6
2.31831	6
2.32018	6
2.32206	6
2.32394	6
2.32581	6
2.32769	6
2.32957	6
2.33144	6
2.33331	6
2.33518	6
2.33706	6
2.33893	6
2.3408	6
2.34268	6
2.34455	6
2.34643	6
2.34831	6
2.35019	6
2.35207	6
2.35395	6
2.35583	6
2.35771	6
2.35959	6
2.36147	6
2.36335	6
2.36523	6
2.36711	6
2.36899	6
2.37087	6
2.37276	6
2.37464	6
2.37652	6
2.37839	6
2.38027	6
2.38215	6
2.38403	6
2.38591	6
2.38779	6
2.38967	6
2.39155	6
2.39342	6
2.3953	6
2.39718	6
2.39906	6
2.40094	6
2.40282	6
2.4047	6
2.40658	6
2.40846	6
2.41034	6
2.41222	6
2.4141	6
2.41598	6
2.41786	6
2.41974	6
2.42162	6
2.4235	6
2.42538	6
2.42726	6
2.42914	6
2.43101	6
2.43289	6
2.43477	6
2.43665	6
2.43853	6
2.44041	6
2.44229	6
2.44417	6
2.44605	6
2.44793	6
2.44981	6
2.45169	6
2.45357	6
2.45545	6
2.45733	6
2.45921	6
2.46109	6
2.46297	6
2.46486	6
2.46674	6
2.46862	6
2.4705	6
2.47238	6
2.47426	6
2.47614	6
2.47802	6
2.4799	6
2.48178	6
2.48366	6
2.48554	6
2.48742	6
2.4893	6
2.49118	6
2.49306	6
2.49494	6
2.49682	6
2.4987	6
2.50058	6
2.50245	6
2.50433	6
2.50621	6
2.50809	6
2.50997	6
2.51185	6
2.51373	6
2.51561	6
2.51749	6
2.51936	6
2.52124	6
2.52312	6
2.525	6
2.52688	6
2.52875	6
2.53063	6
2.53251	6
2.53438	6
2.53626	6
2.53813	6
2.54	6
2.54187	6
2.54375	6
2.5456	6
2.54744	6
2.5493	6
2.55117	6
2.55305	6
2.55493	6
2.5568	6
2.55868	6
2.56056	6
2.56244	6
2.56432	6
2.56619	6
2.56807	6
2.56995	6
2.57183	6
2.5737	6
2.57558	6
2.57745	6
2.57931	6
2.58117	6
2.58304	6
2.58492	6
2.5868	6
2.58867	6
2.59055	6
2.59243	6
2.59431	6
2.59619	6
2.59807	6
2.59995	6
2.60183	6
2.60371	6
2.60559	6
2.60747	6
2.60935	6
2.61123	6
2.61311	6
2.61499	6
2.61687	6
2.61874	6
2.62062	6
2.62249	6
2.62436	5
2.62621	5
2.62797	5
2.62951	5
2.6308	5
2.63214	5
2.63374	5
2.63553	5
2.6374	5
2.63927	5
2.64114	5
2.64301	5
2.64489	5
2.64677	5
2.64865	5
2.65053	5
2.65241	5
2.65429	5
2.65617	5
2.65805	5
2.65993	5
2.66181	5
2.66369	5
2.66557	5
2.66745	5
2.66933	5
2.6712	5
2.67308	5
2.67495	5
2.67673	5
2.67812	5
2.67926	5
2.68079	5
2.68261	5
2.68449	5
2.68636	5
2.68824	5
2.69012	5
2.692	5
2.69388	5
2.69576	5
2.69764	5
2.69952	5
2.7014	5
2.70327	5
2.70515	5
2.70703	5
2.7089	5
2.71077	5
2.71263	5
2.71442	5
2.71606	5
2.71757	5
2.71915	5
2.7209	5
2.72274	5
2.72461	5
2.72649	5
2.72836	5
2.73024	5
2.73212	5
2.734	5
2.73588	5
2.73776	5
2.73964	5
2.74152	5
2.7434	5
2.74528	5
2.74716	5
2.74904	5
2.75092	5
2.7528	5
2.75468	5
2.75656	5
2.75844	5
2.76032	5
2.7622	5
2.76408	5
2.76596	5
2.76783	5
2.76971	5
2.77159	5
2.77346	5
2.77534	5
2.77722	5
2.77909	5
2.78097	5
2.78285	5
2.78472	5
2.7866	5
2.78848	5
2.79036	5
2.79224	5
2.79412	5
2.796	5
2.79788	5
2.79976	5
2.80164	5
2.80352	5
2.8054	5
2.80728	5
2.80915	5
2.81103	5
2.81291	5
2.81479	5
2.81667	5
2.81855	5
2.82043	5
2.82231	5
2.82418	5
2.82606	5
2.82794	5
2.82982	5
2.8317	5
2.83358	5
2.83546	5
2.83733	5
2.83921	5
2.84109	5
2.84297	5
2.84485	5
2.84673	5
2.84861	5
2.85049	5
2.85237	5
2.85425	5
2.85613	5
2.858	5
2.85988	5
2.86176	5
2.86364	5
2.86552	5
2.8674	5
2.86928	5
2.87116	5
2.87304	5
2.87492	5
2.8768	4
2.87868	4
2.88056	4
2.88244	4
2.88432	4
2.8862	4
2.88808	4
2.88996	4
2.89184	4
2.89372	4
2.8956	4
2.89748	4
2.89936	4
2.90125	4
2.90313	4
2.90501	4
2.90689	4
2.90877	4
2.91065	4
2.91253	4
2.91441	4
2.91629	4
2.91817	4
2.92005	4
2.92193	4
2.92381	4
2.92569	4
2.92757	4
2.92944	4
2.93132	4
2.93319	4
2.93507	4
2.93694	4
2.93882	4
2.9407	4
2.94258	4
2.94446	4
2.94634	4
2.94821	4
2.95009	4
2.95196	4
2.95384	4
2.95571	4
2.95758	4
2.95945	4
2.96129	4
2.96311	4
2.96489	4
2.96664	4
2.96838	4
2.97014	4
2.97194	4
2.97378	4
2.97564	4
2.97751	4
2.97938	4
2.98126	4
2.98313	4
2.985	4
2.98688	4
2.98876	4
2.99064	4
2.99252	4
2.9944	4
2.99627	4
2.99815	4
3.00003	4
3.00191	4
3.00379	4
3.00567	4
3.00755	4
3.00943	4
3.01131	4
3.01319	4
3.01507	4
3.01695	4
3.01882	4
3.0207	4
3.02258	4
3.02445	4
3.02633	4
3.0282	4
3.03008	4
3.03195	4
3.03376	4
3.03532	4
3.03644	4
3.03761	4
3.03924	4
3.04105	4
3.04281	4
3.04447	4
3.04602	4
3.04748	4
3.04896	4
3.05053	4
3.05221	4
3.05398	4
3.05581	4
3.05766	4
3.05953	4
3.0614	4
3.06327	4
3.06514	4
3.06702	4
3.06889	4
3.07077	4
3.07264	4
3.07452	4
3.0764	4
3.07827	4
3.08015	4
3.08203	4
3.08391	4
3.08579	4
3.08767	4
3.08955	4
3.09143	4
3.09331	4
3.09519	4
3.09707	4
3.09895	4
3.10083	4
3.10271	4
3.10459	4
3.10647	4
3.10835	4
3.11023	4
3.11211	4
3.11399	4
3.11587	4
3.11775	4
3.11963	4
3.12151	4
3.12339	4
3.12527	4
3.12715	4
3.12903	4
3.13091	4
3.1328	4
3.13468	4
3.13656	4
3.13844	4
3.14032	4
3.1422	4
3.14408	4
3.14596	4
3.14784	4
3.14972	4
3.1516	4
3.15348	4
3.15536	4
3.15724	4
3.15912	4
3.161	4
3.16288	4
3.16476	4
3.16664	4
3.16851	4
3.17039	4
3.17227	4
3.17415	4
3.17602	4
3.17789	4
3.17976	4
3.18164	4
3.1835	4
3.18533	4
3.18713	4
3.18891	4
3.1907	4
3.19251	4
3.19435	4
3.19621	4
3.19808	4
3.19996	4
3.20183	4
3.2037	4
3.20558	4
3.20746	4
3.20933	4
3.21121	4
3.21309	4
3.21497	4
3.21685	4
3.21873	4
3.22061	4
3.22249	4
3.22437	4
3.22625	4
3.22813	4
3.23001	4
3.23189	4
3.23377	4
3.23566	4
3.23754	4
3.23942	4
3.2413	4
3.24318	4
3.24506	4
3.24694	4
3.24882	4
3.2507	4
3.25258	4
3.25445	4
3.25633	4
3.25821	4
3.26009	4
3.26197	4
3.26385	4
3.26574	4
3.26762	4
3.2695	4
3.27138	4
3.27326	4
3.27514	4
3.27702	4
3.2789	4
3.28078	4
3.28266	4
3.28454	4
3.28642	4
3.2883	4
3.29018	4
3.29206	4
3.29394	4
3.29582	4
3.2977	4
3.29958	4
3.30146	4
3.30334	4
3.30523	4
3.30711	4
3.30899	4
3.31087	4
3.31275	4
3.31462	4
3.3165	4
3.31838	4
3.32026	4
3.32214	4
3.32402	4
3.32589	4
3.32777	4
3.32965	4
3.33153	4
3.3334	4
3.33528	4
3.33716	4
3.33903	4
3.34091	4
3.34279	4
3.34467	4
3.34655	4
3.34843	4
3.35031	4
3.35219	4
3.35407	4
3.35595	4
3.35783	4
3.35971	4
3.36159	4
3.36347	4
3.36535	4
3.36723	4
3.36911	4
3.37099	4
3.37287	4
3.37475	4
3.37663	4
3.37851	4
3.38038	4
3.38226	4
3.38414	4
3.38602	4
3.3879	4
3.38978	4
3.39166	4
3.39354	4
3.39542	4
3.3973	4
3.39918	4
3.40106	4
3.40294	4
3.40482	4
3.4067	3
3.40858	3
3.41046	3
3.41234	3
3.41423	3
3.41611	3
3.41799	3
3.41987	3
3.42175	3
3.42363	3
3.42551	3
3.42739	3
3.42927	3
3.43115	3
3.43303	3
3.43491	3
3.43679	3
3.43867	3
3.44055	3
3.44243	3
3.44431	3
3.4462	3
3.44808	3
3.44996	3
3.45184	3
3.45372	3
3.4556	3
3.45748	3
3.45936	3
3.46124	3
3.46312	3
3.465	3
3.46688	3
3.46876	3
3.47064	3
3.47252	3
3.47441	3
3.47629	3
3.47817	3
3.48005	3
3.48193	3
3.48381	3
3.48569	3
3.48757	3
3.48945	3
3.49133	3
3.49321	3
3.49509	3
3.49697	3
3.49885	3
3.50073	3
3.50261	3
3.5045	3
3.50638	3
3.50826	3
3.51014	3
3.51202	3
3.5139	3
3.51578	3
3.51766	3
3.51954	3
3.52142	3
3.5233	3
3.52518	3
3.52706	3
3.52894	3
3.53082	3
3.5327	3
3.53458	3
3.53646	3
3.53834	3
3.54022	3
3.5421	3
3.54398	3
3.54586	3
3.54774	3
3.54962	3
3.55149	3
3.55337	3
3.55525	3
3.55713	3
3.55901	3
3.56089	3
3.56277	3
3.56465	3
3.56653	3
3.56842	3
3.5703	3
3.57218	3
3.57406	3
3.57594	3
3.57782	3
3.5797	3
3.58158	3
3.58346	3
3.58534	3
3.58722	3
3.5891	3
3.59098	3
3.59286	3
3.59474	3
3.59662	3
3.5985	3
3.60038	3
3.60227	3
3.60415	3
3.60603	3
3.60791	2
3.60979	2
3.61167	2
3.61355	2
3.61543	2
3.61731	2
3.61919	2
3.62107	2
3.62295	2
3.62483	2
3.62671	2
3.62859	2
3.63047	2
3.63236	2
3.63424	2
3.63612	2
3.638	2
3.63988	2
3.64176	2
3.64364	2
3.64552	2
3.6474	2
3.64928	2
3.65116	2
3.65304	2
3.65492	2
3.6568	2
3.65868	2
3.66057	2
3.66245	2
3.66433	2
3.66621	2
3.66809	2
3.66997	2
3.67185	2
3.67373	2
3.67561	2
3.67749	2
3.67937	2
3.68125	2
3.68314	2
3.68502	2
3.6869	2
3.68878	2
3.69066	2
3.69254	2
3.69442	2
3.6963	2
3.69818	2
3.70006	2
3.70194	2
3.70383	2
3.70571	2
3.70759	2
3.70947	2
3.71135	2
3.71323	2
3.71511	2
3.71699	2
3.71887	2
3.72075	2
3.72263	2
3.72452	2
3.7264	2
3.72828	2
3.73016	2
3.73204	2
3.73392	2
3.7358	2
3.73768	2
3.73956	2
3.74144	2
3.74332	2
3.7452	2
3.74709	2
3.74897	2
3.75085	2
3.75273	2
3.75461	2
3.75649	2
3.75837	2
3.76025	2
3.76213	2
3.76401	2
3.76589	2
3.76778	2
3.76966	2
3.77154	2
3.77342	2
3.7753	2
3.77718	2
3.77906	2
3.78094	2
3.78282	2
3.7847	2
3.78658	2
3.78846	2
3.79034	2
3.79222	2
3.7941	2
3.79599	2
3.79787	2
3.79975	2
3.80163	2
3.80351	2
3.80539	2
3.80727	2
3.80915	2
3.81103	2
3.81291	2
3.81479	2
3.81667	2
3.81854	2
3.82042	2
3.82229	2
3.82417	2
3.82597	2
3.82751	2
3.8287	2
3.83	2
3.83167	2
3.83351	2
3.83538	2
3.83725	2
3.83913	2
3.84101	2
3.84288	2
3.84476	2
3.84664	2
3.84852	2
3.8504	2
3.85228	2
3.85417	2
3.85605	2
3.85793	2
3.85981	2
3.86169	2
3.86357	2
3.86545	2
3.86733	2
3.86921	2
3.87109	2
3.87297	2
3.87485	2
3.87673	2
3.87861	2
3.88049	2
3.88238	2
3.88426	2
3.88614	2
3.88802	2
3.8899	2
3.89178	2
3.89366	2
3.89554	2
3.89742	2
3.8993	2
3.90118	2
3.90306	2
3.90494	2
3.90682	2
3.9087	2
3.91059	2
3.91247	2
3.91435	2
3.91623	2
3.91811	2
3.91999	2
3.92187	2
3.92375	2
3.92563	2
3.92751	2
3.92939	2
3.93127	2
3.93315	2
3.93504	2
3.93692	2
3.9388	2
3.94068	2
3.94256	2
3.94444	2
3.94632	2
3.9482	2
3.95008	2
3.95196	2
3.95384	2
3.95573	2
3.95761	2
3.95949	2
3.96137	2
3.96325	2
3.96513	2
3.96701	2
3.96889	2
3.97077	2
3.97265	2
3.97453	2
3.97642	2
3.9783	2
3.98018	2
3.98206	2
3.98394	2
3.98582	2
3.9877	2
3.98958	2
3.99146	2
3.99334	2
3.99522	2
3.9971	2
3.99898	2
4.00086	2
4.00274	2
4.00462	2
4.00651	2
4.00839	2
4.01027	2
4.01215	2
4.01403	2
4.01591	2
4.01779	2
4.01967	2
4.02155	2
4.02343	2
4.02531	2
4.02719	2
4.02907	2
4.03095	2
4.03283	2
4.03472	2
4.0366	2
4.03848	2
4.04036	2
4.04224	2
4.04412	2
4.046	2
4.04788	2
4.04976	2
4.05164	2
4.05352	2
4.0554	2
4.05728	2
4.05916	2
4.06104	2
4.06292	2
4.06481	2
4.06669	2
4.06857	2
4.07045	2
4.07233	2
4.07421	2
4.07609	2
4.07797	2
4.07985	2
4.08173	2
4.08361	2
4.08549	2
4.08737	2
4.08925	2
4.09113	2
4.09302	2
4.0949	2
4.09678	2
4.09866	2
4.10054	2
4.10242	2
4.1043	2
4.10618	2
4.10806	2
4.10994	2
4.11182	2
4.1137	2
4.11558	2
4.11746	2
4.11934	2
4.12122	2
4.12311	2
4.12499	2
4.12687	2
4.12875	2
4.13063	2
4.13251	2
4.13439	2
4.13627	2
4.13815	2
4.14003	2
4.14191	2
4.14379	2
4.14567	2
4.14755	2
4.14943	2
4.15132	2
4.1532	2
4.15508	2
4.15696	2
4.15884	2
4.16072	2
4.1626	2
4.16448	2
4.16636	2
4.16824	2
4.17012	2
4.172	2
4.17388	2
4.17576	2
4.17764	2
4.17952	2
4.18141	2
4.18329	2
4.18517	2
4.18705	2
4.18893	2
4.19081	2
4.19269	2
4.19457	2
4.19645	2
4.19833	2
4.20021	2
4.20209	2
4.20397	2
4.20585	2
4.20773	2
4.20962	2
4.2115	2
4.21338	2
4.21526	2
4.21714	2
4.21902	2
4.2209	2
4.22278	2
4.22466	2
4.22654	2
4.22842	2
4.2303	2
4.23218	2
4.23406	2
4.23594	2
4.23782	2
4.23971	2
4.24159	2
4.24347	2
4.24535	2
4.24723	2
4.24911	2
4.25099	2
4.25287	2
4.25475	2
4.25663	2
4.25851	2
4.26039	2
4.26227	2
4.26415	2
4.26603	2
4.26792	2
4.2698	2
4.27168	2
4.27356	2
4.27544	2
4.27732	2
4.2792	2
4.28108	2
4.28296	2
4.28484	2
4.28672	2
4.2886	2
4.29048	2
4.29236	2
4.29424	2
4.29612	2
4.29801	2
4.29989	2
4.30177	2
4.30365	2
4.30553	2
4.30741	1
4.30929	1
4.31117	1
4.31305	1
4.31493	1
4.31681	1
4.31869	1
4.32057	1
4.32245	1
4.32433	1
4.32622	1
4.3281	1
4.32998	1
4.33186	1
4.33374	1
4.33562	1
4.3375	1
4.33938	1
4.34126	1
4.34314	1
4.34502	1
4.3469	1
4.34878	1
4.35066	1
4.35254	1
4.35442	1
4.35631	1
4.35819	1
4.36007	1
4.36195	1
4.36383	1
4.36571	1
4.36759	1
4.36947	1
4.37135	1
4.37323	1
4.37511	1
4.37699	1
4.37887	1
4.38075	1
4.38263	1
4.38452	1
4.3864	1
4.38828	1
4.39016	1
4.39204	1
4.39392	1
4.3958	1
4.39768	1
4.39956	1
4.40144	1
4.40332	1
4.4052	1
4.40708	1
4.40896	1
4.41084	1
4.41272	1
4.41461	1
4.41649	1
4.41837	1
4.42025	1
4.42213	1
4.42401	1
4.42589	1
4.42777	1
4.42965	1
4.43153	1
4.43341	1
4.43529	1
4.43717	1
4.43905	1
4.44093	1
4.44282	1
4.4447	1
4.44658	1
4.44846	1
4.45034	1
4.45222	1
4.4541	1
4.45598	1
4.45786	1
4.45974	1
4.46162	1
4.4635	1
4.46538	1
4.46726	1
4.46914	1
4.47102	1
4.47291	1
4.47479	1
4.47667	1
4.47855	1
4.48043	1
4.48231	1
4.48419	1
4.48607	1
4.48795	1
4.48983	1
4.49171	1
4.49359	1
4.49547	1
4.49735	1
4.49923	1
4.50112	1
4.503	1
4.50488	1
4.50676	1
4.50864	1
4.51052	1
4.5124	1
4.51428	1
4.51616	1
4.51804	1
4.51992	1
4.5218	1
4.52368	1
4.52556	1
4.52744	1
4.52933	1
4.53121	1
4.53309	1
4.53497	1
4.53685	1
4.53873	1
4.54061	1
4.54249	1
4.54437	1
4.54625	1
4.54813	1
4.55001	1
4.55189	1
4.55377	1
4.55565	1
4.55753	1
4.55942	1
4.5613	1
4.56318	1
4.56506	1
4.56694	1
4.56882	1
4.5707	1
4.57258	1
4.57446	1
4.57634	1
4.57822	1
4.5801	1
4.58198	1
4.58386	1
4.58574	1
4.58763	1
4.58951	1
4.59139	1
4.59327	1
4.59515	1
4.59703	1
4.59891	1
4.60079	1
4.60267	1
4.60455	1
4.60643	1
4.60831	1
4.61019	1
4.61207	1
4.61395	1
4.61583	1
4.61772	1
4.6196	1
4.62148	1
4.62336	1
4.62524	1
4.62712	1
4.629	1
4.63088	1
4.63276	1
4.63464	1
4.63652	1
4.6384	1
4.64028	1
4.64216	1
4.64404	1
4.64593	1
4.64781	1
4.64969	1
4.65157	1
4.65345	1
4.65533	1
4.65721	1
4.65909	1
4.66097	1
4.66285	1
4.66473	1
4.66661	1
4.66849	1
4.67037	1
4.67225	1
4.67413	1
4.67602	1
4.6779	1
4.67978	1
4.68166	1
4.68354	1
4.68542	1
4.6873	1
4.68918	1
4.69106	1
4.69294	1
4.69482	1
4.6967	1
4.69858	1
4.70046	1
4.70234	1
4.70423	1
4.70611	1
4.70799	1
4.70987	1
4.71175	1
4.71363	1
4.71551	1
4.71739	1
4.71927	1
4.72115	1
4.72303	1
4.72491	1
4.72679	1
4.72867	1
4.73055	1
4.73243	1
4.73432	1
4.7362	1
4.73808	1
4.73996	1
4.74184	1
4.74372	1
4.7456	1
4.74748	1
4.74936	1
4.75124	1
4.75312	1
4.755	1
4.75688	1
4.75876	1
4.76064	1
4.76253	1
4.76441	1
4.76629	1
4.76817	1
4.77005	1
4.77193	1
4.77381	1
4.77569	1
4.77757	1
4.77945	1
4.78133	1
4.78321	1
4.78509	1
4.78697	1
4.78885	1
4.79073	1
4.79262	1
4.7945	1
4.79638	1
4.79826	1
4.80014	1
4.80202	1
4.8039	1
4.80578	1
4.80766	1
4.80954	1
4.81142	1
4.8133	1
4.81518	1
4.81706	1
4.81894	1
4.82083	1
4.82271	1
4.82459	1
4.82647	1
4.82835	1
4.83023	1
4.83211	1
4.83399	1
4.83587	1
4.83775	1
4.83963	1
4.84151	1
4.84339	1
4.84527	1
4.84715	1
4.84903	1
4.85092	1
4.8528	1
4.85468	1
4.85656	1
4.85844	1
4.86032	1
4.8622	1
4.86408	1
4.86596	1
4.86784	1
4.86972	1
4.8716	1
4.87348	1
4.87536	1
4.87724	1
4.87913	1
4.88101	1
4.88289	1
4.88477	1
4.88665	1
4.88853	1
4.89041	1
4.89229	1
4.89417	1
4.89605	1
4.89793	1
4.89981	1
4.90169	1
4.90357	1
4.90545	1
4.90733	1
4.90922	1
4.9111	1
4.91298	1
4.91486	1
4.91674	1
4.91862	1
4.9205	1
4.92238	1
4.92426	1
4.92614	1
4.92802	1
4.9299	1
4.93178	1
4.93366	1
4.93554	1
4.93743	1
4.93931	1
4.94119	1
4.94307	1
4.94495	1
4.94683	1
4.94871	1
4.95059	1
4.95247	1
4.95435	1
4.95623	1
4.95811	1
4.95999	1
4.96187	1
4.96375	1
4.96563	1
4.96752	1
4.9694	1
4.97128	1
4.97316	1
4.97504	1
4.97692	1
4.9788	1
4.98068	1
4.98256	1
4.98444	1
4.98632	1
4.9882	1
4.99008	1
4.99196	1
4.99384	1
4.99573	1
4.99761	1
4.99949	1
5.00137	1
5.00325	1
5.00513	1
5.00701	1
5.00889	1
5.01077	1
5.01265	1
5.01453	1
5.01641	1
5.01829	1
5.02017	1
5.02205	1
5.02393	1
5.02582	1
5.0277	1
5.02958	1
5.03146	1
5.03334	1
5.03522	1
5.0371	1
5.03898	1
5.04086	1
5.04274	1
5.04462	1
5.0465	1
5.04838	1
5.05026	1
5.05214	1
5.05403	1
5.05591	1
5.05779	1
5.05967	1
5.06155	1
5.06343	1
5.06531	1
5.06719	1
5.06907	1
5.07095	1
5.07283	1
5.07471	1
5.07659	1
5.07847	1
5.08035	1
5.08223	1
5.08412	1
5.086	1
5.08788	1
5.08976	1
5.09164	1
5.09352	1
5.0954	1
5.09728	1
5.09916	1
5.10104	1
5.10292	1
5.1048	1
5.10668	1
5.10856	1
5.11044	1
5.11233	1
5.11421	1
5.11609	1
5.11797	1
5.11985	1
5.12173	1
5.12361	1
5.12549	1
5.12737	1
5.12925	1
5.13113	1
5.13301	1
5.13489	1
5.13677	1
5.13865	1
5.14053	1
5.14242	1
5.1443	1
5.14618	1
5.14806	1
5.14994	1
5.15182	1
5.1537	1
5.15558	1
5.15746	1
5.15934	1
5.16122	1
5.1631	1
5.16498	1
5.16686	1
5.16874	1
5.17063	1
5.17251	1
5.17439	1
5.17627	1
5.17815	1
5.18003	1
5.18191	1
5.18379	1
5.18567	1
5.18755	1
5.18943	1
5.19131	1
5.19319	1
5.19507	1
5.19695	1
5.19883	1
5.20072	1
5.2026	1
5.20448	1
5.20636	1
5.20824	1
5.21012	1
5.212	1
5.21388	1
5.21576	1
5.21764	1
5.21952	1
5.2214	1
5.22328	1
5.22516	1
5.22704	1
5.22893	1
5.23081	1
5.23269	1
5.23457	1
5.23645	1
5.23833	1
5.24021	1
5.24209	1
5.24397	1
5.24585	1
5.24773	1
5.24961	1
5.25149	1
5.25337	1
5.25525	1
5.25713	1
5.25902	1
5.2609	1
5.26278	1
5.26466	1
5.26654	1
