0.00464218	256
0.0105752	256
0.0159064	256
0.0216581	256
0.026349	256
0.0313878	256
0.0361383	256
0.0405605	256
0.0450904	256
0.0497664	256
0.0553229	256
0.0598065	256
0.0653366	256
0.0693433	256
0.0735126	256
0.0775631	256
0.0823585	256
0.0874951	256
0.0920283	256
0.097492	256
0.102866	256
0.107758	256
0.113444	256
0.118942	256
0.125076	256
0.130318	256
0.13529	256
0.140564	256
0.146559	256
0.152724	256
0.158836	256
0.163121	256
0.167051	256
0.173892	256
0.179569	256
0.185713	256
0.19289	256
0.198498	256
0.206516	256
0.212459	256
0.219784	256
0.227733	256
0.234202	256
0.242593	256
0.251563	256
0.25861	256
0.267367	256
0.273585	256
0.281714	256
0.291206	256
0.300552	256
0.308802	256
0.316538	256
0.325628	256
0.334533	256
0.342561	256
0.35164	256
0.360459	256
0.367449	256
0.371058	256
0.380967	256
0.384417	256
0.39412	256
0.398831	256
0.407553	256
0.413173	256
0.420211	256
0.423891	256
0.431103	256
0.43693	256
0.442933	256
0.448577	256
0.452723	256
0.45799	256
0.462011	256
0.469147	256
0.473408	256
0.476997	256
0.483708	256
0.487605	256
0.493204	256
0.500505	256
0.506963	256
0.511971	256
0.518036	256
0.522811	256
0.526458	256
0.534897	256
0.542113	256
0.546005	256
0.551863	256
0.55786	256
0.562458	256
0.566924	256
0.572411	256
0.579324	256
0.584152	256
0.588052	256
0.592605	256
0.598345	256
0.603317	256
0.609423	256
0.613233	256
0.618701	256
0.624873	256
0.629961	256
0.636071	256
0.645499	256
0.650735	256
0.655957	256
0.66199	256
0.669402	256
0.673932	256
0.68083	256
0.684245	256
0.690034	256
0.695288	256
0.699973	256
0.704429	256
0.707446	256
0.711546	256
0.716942	256
0.721214	256
0.72736	256
0.73372	256
0.739969	256
0.743775	256
0.747541	256
0.753335	256
0.759644	256
0.763458	256
0.768781	256
0.775597	256
0.78129	256
0.786492	256
0.791832	256
0.797181	256
0.802278	256
0.808399	256
0.816762	256
0.821063	256
0.824078	256
0.828756	256
0.832923	256
0.838951	256
0.842479	256
0.849178	256
0.855425	256
0.858633	256
0.864258	256
0.867505	256
0.871697	256
0.878535	256
0.883653	256
0.888311	256
0.892037	256
0.895546	256
0.899759	256
0.905113	256
0.909831	256
0.915305	256
0.922141	256
0.926883	256
0.93282	256
0.937664	256
0.941682	256
0.946622	256
0.951124	256
0.954498	256
0.958943	256
0.963474	256
0.967064	256
0.971784	256
0.977336	256
0.982784	255
0.990717	255
0.994778	255
0.999812	255
1.00619	255
1.0112	255
1.01589	255
1.02276	255
1.02826	255
1.03365	255
1.03822	255
1.04301	255
1.04655	255
1.05104	255
1.05687	255
1.06286	255
1.06867	254
1.07344	254
1.07715	254
1.08258	254
1.09016	254
1.09583	254
1.09934	254
1.10365	254
1.1074	254
1.11242	254
1.11785	254
1.1226	253
1.1281	253
1.13458	253
1.13988	253
1.14459	252
1.1499	252
1.15479	252
1.15997	252
1.16354	252
1.16925	252
1.17366	252
1.17937	252
1.18371	251
1.18925	251
1.1929	251
1.19776	251
1.20245	251
1.20689	251
1.21267	250
1.21727	250
1.22114	250
1.22571	250
1.23184	250
1.2361	250
1.2406	250
1.24521	250
1.25044	249
1.25487	249
1.26168	249
1.26647	249
1.27017	249
1.27556	248
1.27994	248
1.28431	248
1.28954	248
1.29513	248
1.30073	248
1.3063	248
1.31222	248
1.3184	248
1.32516	248
1.33229	248
1.33891	248
1.34355	248
1.34811	248
1.35337	248
1.36011	247
1.36427	247
1.36896	246
1.37731	246
1.38307	246
1.3869	246
1.39307	246
1.39865	246
1.40549	246
1.40995	245
1.41578	245
1.41984	245
1.42638	244
1.43333	243
1.43919	243
1.44507	243
1.44854	243
1.45637	243
1.46175	243
1.4678	242
1.47482	242
1.48075	242
1.48518	242
1.49212	242
1.49718	242
1.50276	242
1.50939	242
1.51497	242
1.5202	242
1.52582	241
1.53073	241
1.53671	241
1.54221	241
1.55069	240
1.55545	239
1.56148	239
1.56743	239
1.57411	239
1.57991	239
1.58451	239
1.58967	239
1.59432	239
1.59862	239
1.60415	239
1.60891	239
1.61507	239
1.62207	238
1.62871	238
1.63401	238
1.63842	237
1.64458	237
1.65042	236
1.65581	236
1.66399	236
1.66912	236
1.6751	236
1.68031	236
1.68471	236
1.68974	236
1.69477	236
1.69994	236
1.70564	236
1.71063	236
1.71677	235
1.72392	235
1.73028	234
1.73558	234
1.74049	234
1.7443	234
1.75025	234
1.75458	234
1.76086	234
1.76482	234
1.76968	234
1.77449	234
1.7792	234
1.78417	234
1.79026	234
1.79601	234
1.80171	234
1.80675	234
1.81173	234
1.81797	234
1.82202	234
1.8276	234
1.83268	234
1.83699	234
1.84225	234
1.84912	234
1.8539	234
1.86149	234
1.86683	234
1.87237	234
1.87728	234
1.88218	234
1.88863	234
1.89316	234
1.89955	234
1.90767	234
1.91217	234
1.91571	233
1.92061	233
1.92614	233
1.93096	232
1.93595	232
1.94333	232
1.94809	232
1.95266	232
1.95767	232
1.96414	232
1.97016	232
1.97496	232
1.98198	232
1.98632	232
1.99198	232
1.99675	232
2.00338	232
2.00843	232
2.01497	232
2.02168	231
2.02853	231
2.03447	231
2.0388	231
2.04485	231
2.0518	231
2.05796	231
2.06272	231
2.07002	231
2.07542	231
2.07994	231
2.0859	231
2.09109	231
2.09488	231
2.10182	231
2.10873	231
2.11442	231
2.11973	231
2.12479	231
2.13063	231
2.13887	231
2.14541	231
2.15061	231
2.15664	231
2.16256	231
2.1715	231
2.17631	231
2.18228	231
2.18826	231
2.19513	231
2.19936	231
2.20596	231
2.21104	231
2.21826	231
2.2231	231
2.22838	231
2.233	231
2.23842	231
2.24371	231
2.24864	231
2.25509	230
2.26075	230
2.26714	230
2.27173	230
2.27858	229
2.28307	229
2.29214	229
2.29746	228
2.30314	228
2.30805	228
2.31323	227
2.32034	227
2.32695	227
2.33234	227
2.3373	227
2.34096	227
2.34732	227
2.35378	227
2.36261	227
2.36807	227
2.37149	227
2.37818	227
2.38364	227
2.38833	227
2.39572	227
2.40258	227
2.40898	227
2.41492	227
2.42046	227
2.42681	227
2.43239	227
2.43595	227
2.44189	227
2.44669	227
2.45295	227
2.45856	227
2.46235	227
2.46729	227
2.4726	227
2.47845	227
2.48449	227
2.48918	227
2.49524	227
2.50018	227
2.50556	227
2.51296	227
2.51961	227
2.52519	227
2.53146	227
2.53606	227
2.54164	227
2.54641	227
2.55292	227
2.5596	227
2.56555	227
2.57207	227
2.57626	227
2.58146	227
2.58612	227
2.59158	227
2.59731	226
2.60454	226
2.6125	226
2.61729	226
2.62294	226
2.62938	226
2.63396	226
2.63924	226
2.64478	226
2.65121	226
2.6562	226
2.66272	226
2.66809	226
2.674	226
2.67982	226
2.68594	226
2.69092	225
2.69675	225
2.70346	225
2.70821	225
2.71441	225
2.71926	225
2.72574	225
2.73121	225
2.73591	225
2.73986	224
2.7453	224
2.75033	224
2.75529	224
2.76071	224
2.76617	224
2.77436	223
2.78017	223
2.78464	223
2.79142	223
2.79536	223
2.80166	223
2.80872	223
2.81294	223
2.81851	223
2.8238	223
2.82883	223
2.83431	223
2.84187	223
2.84901	223
2.8558	223
2.86344	223
2.86958	223
2.8769	223
2.88396	223
2.88749	223
2.89515	223
2.90067	223
2.90746	223
2.91377	223
2.92252	223
2.93204	223
2.93818	223
2.94372	223
2.95139	223
2.95777	223
2.96302	223
2.9679	223
2.97231	223
2.97878	223
2.9845	223
2.99096	223
2.99744	223
3.00313	223
3.00843	223
3.0148	223
3.02049	223
3.02698	223
3.03209	223
3.0375	223
3.04374	223
3.05187	223
3.05773	223
3.06392	223
3.06865	222
3.07421	222
3.07889	222
3.08453	222
3.09003	222
3.09491	222
3.10176	222
3.10639	222
3.11218	222
3.11996	222
3.12539	222
3.13162	222
3.13605	222
3.14164	222
3.14702	221
3.15319	221
3.16103	221
3.16698	221
3.17297	221
3.17756	221
3.18367	221
3.18891	221
3.19421	221
3.19984	221
3.20684	221
3.21214	221
3.21759	221
3.22364	221
3.2289	221
3.2346	220
3.24126	220
3.24628	220
3.25198	220
3.25872	220
3.26403	220
3.26962	220
3.27638	219
3.281	219
3.28831	219
3.29564	219
3.30266	219
3.30904	219
3.31655	219
3.32198	219
3.32729	219
3.33359	219
3.34026	218
3.34757	218
3.35337	218
3.35857	218
3.36312	218
3.36999	218
3.37534	217
3.38401	217
3.39023	217
3.39509	217
3.40117	217
3.40631	217
3.41372	217
3.41889	217
3.42685	217
3.43223	217
3.43845	217
3.44501	217
3.45119	217
3.45524	217
3.46224	217
3.46971	217
3.47649	217
3.48109	217
3.4878	217
3.49248	217
3.49795	217
3.50283	217
3.50866	217
3.51561	217
3.52382	217
3.52946	217
3.53474	217
3.53871	217
3.54499	217
3.55253	217
3.5594	217
3.56447	217
3.56995	217
3.57725	217
3.58235	217
3.58968	217
3.59736	217
3.6033	217
3.60845	217
3.61361	217
3.62017	217
3.62624	217
3.63245	217
3.63689	217
3.64399	217
3.64882	217
3.65563	216
3.66126	216
3.66853	216
3.67354	216
3.68177	216
3.68806	216
3.69552	216
3.70003	216
3.70591	216
3.71124	216
3.7187	216
3.72419	216
3.72912	216
3.73591	216
3.74099	216
3.74567	216
3.75155	216
3.75751	216
3.76428	216
3.77133	216
3.77709	216
3.78467	216
3.79019	216
3.79551	216
3.80252	216
3.80931	216
3.81625	216
3.82307	216
3.82836	216
3.83527	216
3.84024	215
3.84435	215
3.85328	215
3.85898	215
3.8645	215
3.87227	214
3.87755	214
3.88388	214
3.89151	214
3.90039	214
3.9072	214
3.91267	214
3.91926	214
3.92579	214
3.93264	214
3.94048	214
3.94642	214
3.95197	214
3.96009	214
3.96741	214
3.97144	214
3.97744	214
3.98335	214
3.98918	214
3.99552	214
4.00241	214
4.00773	214
4.01549	214
4.0207	214
4.02572	214
4.03168	214
4.03776	214
4.04412	214
4.04955	214
4.05385	214
4.06093	214
4.06713	214
4.07324	214
4.07976	214
4.08544	214
4.09006	214
4.09667	214
4.10421	214
4.11103	214
4.11781	213
4.12481	213
4.13249	213
4.14115	213
4.14794	213
4.15503	213
4.16212	213
4.16853	213
4.17297	213
4.1784	213
4.18358	213
4.18943	213
4.19527	213
4.20037	213
4.20581	213
4.21006	213
4.2162	213
4.22309	213
4.23208	213
4.23732	213
4.24179	213
4.24783	213
4.25381	213
4.25935	213
4.26573	213
4.27201	213
4.27587	213
4.28245	213
4.28849	213
4.29249	213
4.2983	213
4.30485	213
4.3125	213
4.31604	213
4.32247	212
4.33022	212
4.33667	212
4.34164	212
4.34802	212
4.35284	212
4.35745	212
4.36402	212
4.37071	212
4.37642	212
4.38228	212
4.38852	211
4.39309	211
4.39793	211
4.40554	211
4.41227	211
4.41564	210
4.42186	210
4.42844	210
4.43362	210
4.43807	210
4.44435	210
4.45007	210
4.45513	210
4.46093	210
4.46777	210
4.47383	210
4.47934	210
4.48656	210
4.49293	210
4.49892	210
4.50554	210
4.51186	210
4.51731	210
4.52262	210
4.52728	210
4.53257	210
4.53837	210
4.54316	210
4.54951	210
4.55527	210
4.56065	210
4.56602	210
4.57375	210
4.57949	210
4.58506	210
4.59102	209
4.59565	209
4.60095	209
4.60588	209
4.61328	209
4.61882	209
4.6246	209
4.63042	209
4.63641	209
4.64304	209
4.64797	209
4.654	209
4.65999	209
4.66479	209
4.67157	209
4.67668	209
4.68227	209
4.68703	209
4.69297	209
4.69771	209
4.70265	209
4.70808	209
4.71285	209
4.71919	209
4.72573	209
4.72966	209
4.73687	209
4.74191	209
4.74738	209
4.75267	209
4.75805	209
4.76362	209
4.76995	209
4.77533	209
4.78187	209
4.78662	209
4.79166	209
4.79933	209
4.80581	209
4.81279	209
4.81836	209
4.82273	209
4.82716	209
4.83274	209
4.83978	209
4.84509	209
4.85285	209
4.85863	209
4.86431	209
4.87235	209
4.87792	209
4.88611	209
4.89489	209
4.90052	209
4.90636	209
4.91426	209
4.91893	209
4.92587	209
4.93119	209
4.93767	209
4.94281	209
4.94957	209
4.95505	209
4.96315	209
4.96721	209
4.97294	209
4.97867	209
4.98273	209
4.98739	209
4.99153	209
4.99708	209
5.00323	209
5.01076	209
5.0166	209
5.02328	209
5.02869	209
5.03497	209
5.03941	209
5.04507	209
5.0492	209
5.05308	209
5.06161	209
5.06751	209
5.07368	209
5.07963	209
5.08585	209
5.0931	208
5.09968	208
5.10849	208
5.11359	208
5.11814	208
5.12527	207
5.13016	207
5.138	207
5.14424	207
5.15245	207
5.15985	207
5.16331	207
5.1687	207
5.17368	207
5.18003	206
5.18391	206
5.1911	206
5.19726	206
5.2032	206
5.20944	206
5.21425	206
5.22086	205
5.22544	205
5.23137	205
5.237	205
5.24302	205
5.24814	205
5.25568	205
5.26274	205
5.26941	205
5.27567	205
5.28357	205
5.29005	205
5.29454	205
5.30086	205
5.30904	205
5.31348	205
5.31974	205
5.32632	205
5.33308	205
5.33878	205
5.3456	205
5.3512	205
5.35553	205
5.36124	205
5.36658	205
5.37297	205
5.37976	205
5.3886	205
5.39481	205
5.40153	205
5.40506	205
5.41377	205
5.41903	205
5.42403	205
5.42896	205
5.43454	205
5.43892	205
5.44385	205
5.44986	205
5.4565	205
5.46112	205
5.46618	205
5.47302	205
5.4781	205
5.48148	205
5.48727	205
5.49274	205
5.49922	205
5.50567	205
5.51171	205
5.51764	205
5.52279	205
5.52851	205
5.53664	205
5.54166	205
5.54577	205
5.55168	205
5.55722	205
5.56168	205
5.56792	205
5.57249	205
5.57916	205
5.58561	205
5.59305	205
5.59924	205
5.60807	205
5.61256	205
5.61664	205
5.62214	205
5.62929	205
5.63486	205
5.63981	205
5.6449	205
5.6498	205
5.65728	205
5.66317	205
5.67015	205
5.67425	205
5.67962	204
5.68574	204
5.69191	204
5.69786	204
5.70409	204
5.71241	204
5.71943	204
5.72443	204
5.73285	204
5.73871	204
5.74609	204
5.75306	204
5.75889	204
5.76601	204
5.77223	204
5.78048	204
5.78622	204
5.79222	204
5.79729	204
5.80344	203
5.80949	203
5.81425	203
5.82004	203
5.82581	203
5.83287	203
5.84165	203
5.84714	203
5.85468	203
5.86036	203
5.86705	202
5.87307	202
5.87899	202
5.88485	202
5.89023	202
5.89627	202
5.8997	202
5.90528	202
5.91139	202
5.91874	202
5.92728	202
5.93419	202
5.94154	202
5.94839	202
5.95457	202
5.95904	202
5.96809	202
5.97505	202
5.98134	202
5.98667	202
5.99348	202
5.99836	202
6.00492	202
6.01078	202
6.01571	202
6.0211	202
6.02589	202
6.03135	202
6.03885	202
6.04342	202
6.05038	201
6.05642	201
6.0626	201
6.06846	201
6.0737	201
6.08138	201
6.08581	201
6.09195	201
6.09791	201
6.10464	201
6.11021	201
6.11535	201
6.12201	201
6.12633	201
6.13264	201
6.13902	201
6.14535	200
6.15286	200
6.15789	200
6.16487	200
6.17182	200
6.177	200
6.1829	200
6.18755	200
6.1918	200
6.19671	200
6.20331	200
6.20895	200
6.21581	200
6.22261	200
6.22833	200
6.23601	200
6.24048	200
6.24623	200
6.25213	200
6.25736	200
6.26324	200
6.26788	200
6.27455	200
6.27839	200
6.28412	200
6.28996	200
6.29453	200
6.29966	200
6.30604	200
6.31366	200
6.31849	200
6.32395	200
6.33231	200
6.33683	200
6.34106	200
6.34792	200
6.35327	200
6.35781	200
6.3629	200
6.36791	200
6.37298	200
6.37833	200
6.38427	200
6.39046	200
6.39901	200
6.40639	200
6.41247	199
6.41835	199
6.42343	199
6.43156	199
6.43643	199
6.44235	199
6.44664	199
6.45199	199
6.45772	199
6.46355	199
6.4717	199
6.47681	199
6.48529	199
6.49234	199
6.49744	199
6.50258	199
6.50729	199
6.51292	199
6.51845	199
6.52633	199
6.53313	199
6.53949	199
6.54742	199
6.55226	198
6.55858	198
6.56485	198
6.5683	198
6.57272	198
6.57872	198
6.58492	198
6.58973	198
6.59562	198
6.60204	198
6.60783	198
6.61266	198
6.6183	198
6.62814	198
6.63676	198
6.64375	198
6.65094	198
6.65708	198
6.6636	198
6.67023	198
6.67603	198
6.68408	198
6.69018	198
6.69569	198
6.70379	198
6.71077	198
6.7177	198
6.72313	198
6.73106	198
6.73576	198
6.74127	198
6.74809	198
6.75605	198
6.7622	198
6.77195	198
6.77739	198
6.78551	198
6.7907	198
6.79674	198
6.80464	198
6.81203	198
6.81767	197
6.82371	197
6.8302	197
6.83526	197
6.83921	197
6.84495	196
6.85107	196
6.85635	196
6.86359	196
6.87095	196
6.87715	196
6.88235	196
6.88898	196
6.89359	196
6.89821	196
6.90681	196
6.91262	196
6.91966	196
6.92749	196
6.93215	196
6.93961	196
6.94598	196
6.95146	196
6.95617	196
6.96243	196
6.97014	196
6.97667	196
6.98252	196
6.98842	196
6.99345	196
6.99931	196
7.00726	196
7.01421	196
7.01961	196
7.02553	196
7.03234	196
7.03667	196
7.04368	196
7.05076	196
7.05653	196
7.0639	196
7.07066	196
7.07724	196
7.08312	196
7.08892	196
7.09421	196
7.10038	196
7.10622	196
7.11152	196
7.11731	196
7.12461	196
7.13048	196
7.1368	196
7.14365	196
7.15184	196
7.15829	196
7.1632	196
7.16827	196
7.17472	196
7.1816	196
7.18649	196
7.1943	196
7.20093	196
7.20741	196
7.2148	196
7.2208	196
7.22702	196
7.23355	196
7.23862	196
7.24491	196
7.24989	196
7.2542	196
7.26031	196
7.26661	196
7.27675	196
7.28447	196
7.2889	196
7.29752	196
7.30358	196
7.30922	196
7.31551	196
7.32171	196
7.32704	196
7.33297	196
7.34176	196
7.34803	196
7.35529	196
7.36195	196
7.3708	196
7.37563	196
7.38223	196
7.38866	196
7.39551	196
7.40185	196
7.4083	196
7.41451	196
7.42127	196
7.4277	196
7.43453	196
7.44221	196
7.44974	196
7.45704	196
7.46314	196
7.46865	196
7.47532	196
7.47982	196
7.48628	196
7.49181	196
7.49974	196
7.50765	196
7.51245	196
7.51882	196
7.52547	196
7.53011	196
7.53767	196
7.54349	196
7.55056	196
7.5587	196
7.56477	196
7.57093	196
7.57632	196
7.58312	196
7.58951	196
7.59623	196
7.60391	196
7.60914	196
7.6154	196
7.62288	196
7.62977	196
7.63433	196
7.64011	196
7.64773	196
7.65287	196
7.65866	196
7.66346	196
7.66955	196
7.67649	196
7.68483	196
7.69043	196
7.69805	196
7.70345	196
7.71099	196
7.71735	196
7.72261	196
7.72787	196
7.73438	196
7.74029	196
7.7459	196
7.75273	196
7.7595	196
7.76299	196
7.76923	196
7.77412	196
7.78278	196
7.78884	196
7.79301	196
7.79876	196
7.80624	196
7.81128	196
7.81754	196
7.82178	196
7.82939	196
7.83553	196
7.8444	196
7.8486	196
7.85468	196
7.86253	196
7.86693	196
7.87307	196
7.88187	196
7.8889	196
7.89755	196
7.90245	196
7.90944	196
7.91534	196
7.92317	196
7.93314	196
7.93997	196
7.94555	196
7.94999	196
7.95474	196
7.96024	196
7.96686	196
7.97237	196
7.97947	196
7.98597	196
7.99057	196
7.99655	196
8.003	196
8.01033	196
8.01659	196
8.02294	196
8.03151	196
8.03657	196
8.04379	196
8.04938	196
8.05591	196
8.06279	196
8.06861	196
8.07529	196
8.08089	196
8.0853	196
8.09144	196
8.0979	195
8.10368	195
8.11312	195
8.12031	195
8.12753	195
8.13337	195
8.14053	195
8.15042	195
8.15487	195
8.16183	195
8.1686	195
8.17389	195
8.17949	195
8.18895	195
8.19609	195
8.20328	195
8.21016	195
8.21548	195
8.22061	195
8.22862	195
8.23607	195
8.24102	195
8.24559	195
8.25148	195
8.2579	195
8.26336	195
8.2685	195
8.27435	195
8.28284	195
8.29137	195
8.29623	195
8.30125	195
8.30624	195
8.31316	195
8.31841	195
8.32508	195
8.3329	195
8.34178	195
8.34887	195
8.35511	195
8.35956	195
8.36833	195
8.37414	195
8.37858	195
8.38513	195
8.39111	195
8.39564	195
8.40051	195
8.41044	195
8.41462	195
8.42153	195
8.42672	195
8.43248	195
8.43711	194
8.44216	194
8.44799	194
8.4575	194
8.46498	194
8.46991	194
8.47684	193
8.48277	193
8.4909	193
8.49768	193
8.50381	193
8.50879	193
8.51433	193
8.5194	193
8.52697	193
8.53307	193
8.54121	193
8.54915	193
8.55677	193
8.5627	193
8.56961	193
8.57491	193
8.58257	193
8.5895	193
8.59776	192
8.60336	192
8.60933	192
8.61411	192
8.61995	192
8.62715	192
8.63252	192
8.63683	192
8.64165	192
8.64858	192
8.65627	192
8.66312	192
8.66961	192
8.67391	192
8.68079	192
8.68696	192
8.69524	192
8.7032	192
8.70953	192
8.71634	192
8.72265	192
8.72809	192
8.73336	192
8.73989	192
8.74563	192
8.75021	192
8.75538	192
8.76165	192
8.7694	192
8.77416	192
8.78012	192
8.78715	192
8.79368	192
8.79897	192
8.80444	192
8.81255	192
8.81801	192
8.82432	192
8.83087	192
8.83755	192
8.84272	192
8.84851	192
8.85525	191
8.86291	191
8.86722	190
8.87241	190
8.87996	190
8.88644	190
8.89175	190
8.8969	190
8.90368	190
8.90983	190
8.91711	190
8.92462	190
8.93096	190
8.9365	190
8.94183	190
8.94951	190
8.95887	190
8.96432	190
8.97225	190
8.97806	190
8.98422	190
8.99186	190
8.99745	190
9.0042	190
9.01142	190
9.01698	190
9.02376	190
9.02935	190
9.03633	190
9.04264	190
9.04882	190
9.05844	189
9.06528	189
9.07282	189
9.07812	189
9.08525	189
9.09076	189
9.09655	189
9.1019	189
9.10915	189
9.11485	189
9.12086	189
9.1259	189
9.13165	189
9.13789	189
9.1455	189
9.15125	189
9.15863	189
9.16763	189
9.17348	189
9.17856	189
9.18385	189
9.18959	189
9.19487	189
9.2026	189
9.21005	189
9.21624	189
9.2208	189
9.22756	189
9.23554	189
9.24461	189
9.25135	189
9.25683	189
9.26353	188
9.27198	188
9.27639	188
9.2849	188
9.292	188
9.2977	188
9.30322	188
9.30874	188
9.31566	188
9.32175	187
9.32793	187
9.33388	187
9.34221	187
9.3489	187
9.3573	187
9.36303	187
9.36839	187
9.37453	187
9.38274	187
9.38773	187
9.39594	187
9.4013	187
9.40691	187
9.41483	187
9.42028	187
9.42786	187
9.43415	187
9.44174	187
9.44962	187
9.45609	187
9.46287	187
9.46739	187
9.47282	187
9.48002	187
9.48847	187
9.4948	187
9.50058	187
9.50782	187
9.51329	187
9.51944	187
9.5268	187
9.53422	187
9.54281	187
9.54972	187
9.55803	187
9.56455	187
9.57201	187
9.57989	187
9.58628	187
9.59349	187
9.59939	187
9.60559	187
9.61353	187
9.62014	186
9.62638	186
9.63455	186
9.64361	186
9.64944	186
9.65571	186
9.66311	186
9.66807	186
9.67685	185
9.68169	185
9.68899	185
9.69588	185
9.70515	185
9.71099	185
9.71654	185
9.7256	185
9.73022	185
9.73671	185
9.74513	185
9.75044	185
9.75792	185
9.76397	185
9.77122	185
9.77786	185
9.78439	185
9.78968	185
9.79472	185
9.8006	185
9.8088	185
9.81515	184
9.82192	184
9.82867	184
9.83319	184
9.84069	184
9.84538	184
9.85303	184
9.8604	184
9.86765	184
9.8722	184
9.87867	184
9.88467	184
9.89052	184
9.89764	184
9.90537	184
9.91254	184
9.91728	184
9.92386	184
9.93353	184
9.93717	184
9.9455	184
9.951	184
9.95786	184
9.96357	184
9.97065	184
9.97476	184
9.98066	184
9.98699	184
9.99238	184
9.9987	184
10.0054	184
10.0101	184
10.0192	184
10.0275	184
10.0361	183
10.0425	183
10.0508	183
10.0572	183
10.0661	183
10.0725	183
10.0805	183
10.0878	183
10.0961	183
10.1036	183
10.111	183
10.1176	183
10.1283	183
10.1362	183
10.1437	183
10.1493	183
10.1541	183
10.1623	183
10.1701	183
10.1768	182
10.1835	182
10.1917	182
10.2	182
10.2038	182
10.2137	182
10.2226	182
10.2302	182
10.2377	182
10.2476	182
10.2555	181
10.2604	181
10.27	181
10.2747	181
10.2801	181
10.2876	181
10.2932	181
10.298	181
10.3042	181
10.3131	181
10.3168	181
10.3226	181
10.3287	181
10.3341	180
10.34	180
10.3461	180
10.354	180
10.3606	180
10.3668	180
10.3744	180
10.3832	180
10.3877	180
10.3954	180
10.4032	180
10.4086	180
10.4163	180
10.4235	180
10.4294	180
10.4376	180
10.4448	180
10.4516	180
10.4569	180
10.4633	180
10.4691	180
10.4772	180
10.4844	179
10.49	179
10.4968	179
10.5031	179
10.5101	179
10.5145	179
10.5227	179
10.5323	179
10.5384	179
10.5452	179
10.5514	179
10.5589	179
10.566	179
10.577	179
10.5884	179
10.601	179
10.6063	179
10.6121	179
10.6166	179
10.6247	179
10.6307	179
10.6392	179
10.6499	179
10.6566	179
10.6637	179
10.6707	179
10.676	179
10.6824	179
10.6916	179
10.6967	179
10.7048	179
10.7103	179
10.7176	179
10.7252	179
10.7317	179
10.741	179
10.7489	179
10.7558	179
10.7609	179
10.7681	179
10.7765	179
10.7842	179
10.7928	179
10.7986	179
10.8058	179
10.8131	179
10.8221	179
10.829	179
10.8354	179
10.8417	179
10.8479	179
10.8552	179
10.8621	179
10.8673	179
10.8745	179
10.8807	179
10.8901	179
10.8973	179
10.9032	179
10.9101	179
10.9152	179
10.9208	179
10.9274	179
10.9327	179
10.941	179
10.947	179
10.9545	179
10.9616	179
10.9698	179
10.9771	179
10.9862	179
10.9918	179
10.9972	179
11.0054	179
11.0116	179
11.0169	179
11.0224	179
11.0317	179
11.0382	179
11.0446	179
11.0511	179
11.0584	179
11.0647	179
11.0705	179
11.0767	179
11.0825	179
11.0887	179
11.0951	179
11.1028	179
11.1102	179
11.1175	179
11.1288	179
11.1358	179
11.1423	179
11.1511	179
11.1575	179
11.1632	179
11.1702	179
11.1762	179
11.182	179
11.187	179
11.1947	179
11.202	179
11.2093	179
11.2158	179
11.2211	179
11.2269	179
11.2346	179
11.2432	179
11.2507	179
11.2566	179
11.2652	179
11.2735	179
11.2793	179
11.2888	179
11.2963	179
11.304	179
11.3107	179
11.3187	179
11.3224	179
11.3291	179
11.3366	179
11.342	179
11.3514	179
11.3589	179
11.3649	179
11.3715	179
11.3769	179
11.3846	179
11.3887	179
11.3948	179
11.4	179
11.4082	179
11.416	179
11.4287	179
11.436	179
11.4416	179
11.4475	179
11.4558	179
11.4627	179
11.4708	179
11.4759	179
11.4818	179
11.4871	179
11.4926	179
11.4991	179
11.5033	179
11.5096	179
11.5153	179
11.5228	179
11.5284	179
11.5369	179
11.5431	179
11.5488	179
11.5581	179
11.5644	179
11.5715	179
11.5768	179
11.5821	179
11.5896	179
11.5967	179
11.6058	179
11.6144	179
11.62	178
11.6254	178
11.636	178
11.6425	178
11.6491	178
11.6566	178
11.6623	178
11.6679	178
11.6759	178
11.6833	178
11.69	178
11.698	178
11.7047	178
11.7119	178
11.7165	178
11.7218	178
11.7292	178
11.7373	178
11.7441	178
11.7505	178
11.7562	178
11.7623	178
11.7684	178
11.7757	178
11.7825	178
11.7882	178
11.7949	178
11.8016	177
11.8068	177
11.8153	177
11.8221	177
11.8296	177
11.8384	177
11.8459	177
11.8531	177
11.8629	177
11.8687	177
11.8743	176
11.881	176
11.8878	175
11.8945	175
11.9036	174
11.9106	174
11.918	174
11.9222	174
11.9324	174
11.9384	173
11.9446	173
11.9512	173
11.9586	173
11.9649	173
11.9709	173
11.977	173
11.9852	173
11.9906	173
11.9959	173
12.0055	173
12.0119	173
12.0172	173
12.0241	173
12.0341	173
12.0435	173
12.0517	173
12.0592	173
12.0659	173
12.0724	173
12.0779	173
12.0866	173
12.0944	173
12.1025	173
12.1091	173
12.1168	173
12.1251	173
12.1301	173
12.1391	173
12.1464	173
12.1533	173
12.1647	173
12.1738	173
12.1816	173
12.1877	173
12.195	173
12.2001	173
12.2054	173
12.2136	173
12.2179	173
12.2255	173
12.2309	173
12.2369	173
12.2439	173
12.2524	173
12.2592	173
12.2674	173
12.2735	173
12.2815	173
12.288	173
12.2945	173
12.3016	173
12.3094	173
12.3178	173
12.3238	173
12.3307	173
12.3367	173
12.3432	173
12.3482	173
12.3529	173
12.3621	173
12.3687	173
12.3741	173
12.3817	173
12.3886	173
12.3947	173
12.4015	173
12.4071	173
12.4124	173
12.4189	173
12.4262	173
12.4331	173
12.4417	173
12.4478	173
12.4532	173
12.461	173
12.4665	173
12.4699	173
12.4765	173
12.4831	173
12.492	173
12.4998	173
12.5069	173
12.5126	173
12.521	173
12.5295	173
12.5354	173
12.5415	173
12.5472	173
12.5518	173
12.556	173
12.5618	173
12.5708	173
12.5812	173
12.5869	173
12.5954	173
12.6029	173
12.6099	173
12.6154	173
12.6224	173
12.63	173
12.6361	173
12.643	173
12.6483	173
12.6554	173
12.6619	173
12.6687	173
12.6731	173
12.682	173
12.6908	173
12.7009	173
12.7071	173
12.7134	173
12.7207	173
12.7269	173
12.7341	173
12.7413	173
12.7478	173
12.7546	173
12.7628	173
12.7671	173
12.7736	173
12.7786	172
12.7851	172
12.7928	172
12.7998	172
12.8076	172
12.8159	172
12.8228	172
12.8325	172
12.8381	172
12.8437	172
12.8491	172
12.8582	172
12.8651	172
12.8701	172
12.8747	172
12.8797	172
12.8844	172
12.8916	172
12.8998	172
12.9078	172
12.913	172
12.9186	172
12.9271	172
12.9337	172
12.9413	172
12.9487	172
12.9546	172
12.9621	172
12.9692	172
12.9763	172
12.9839	172
12.9917	172
13.0002	172
13.0071	172
13.0135	172
13.0208	172
13.0287	172
13.0361	172
13.0399	172
13.0473	172
13.0523	172
13.06	172
13.0646	172
13.0708	172
13.0755	172
13.0831	172
13.0893	172
13.0934	172
13.1017	171
13.1064	171
13.1157	171
13.1227	171
13.1288	171
13.1364	171
13.1469	171
13.1516	171
13.1575	171
13.1629	171
13.1698	171
13.1777	171
13.1837	171
13.1946	171
13.2015	171
13.2105	171
13.2169	171
13.2237	171
13.231	171
13.2375	171
13.2484	171
13.2555	171
13.264	171
13.2709	171
13.28	171
13.2864	171
13.2933	171
13.2989	171
13.3069	171
13.3136	171
13.3198	171
13.3272	171
13.3331	171
13.3401	171
13.3472	171
13.3524	171
13.3572	171
13.3672	171
13.3734	171
13.3811	171
13.3873	171
13.393	171
13.3987	171
13.4085	171
13.4149	171
13.4221	171
13.4268	171
13.4333	171
13.4399	171
13.4491	171
13.4557	171
13.4611	171
13.4668	171
13.4725	171
13.4782	171
13.4851	171
13.4927	171
13.5003	171
13.5057	171
13.5139	171
13.5218	171
13.5277	171
13.5371	171
13.5463	171
13.5536	171
13.5598	171
13.5695	171
13.577	171
13.5834	171
13.5916	171
13.5989	171
13.6056	171
13.6119	171
13.6163	171
13.6229	171
13.6282	171
13.6334	170
13.6413	170
13.6456	170
13.6528	170
13.6573	170
13.6649	170
13.6709	170
13.6771	170
13.682	170
13.6889	170
13.6959	170
13.7018	170
13.7104	170
13.7197	170
13.7299	170
13.7362	170
13.7425	170
13.7475	170
13.754	170
13.7598	170
13.7672	170
13.7742	170
13.7824	170
13.7905	169
13.7981	169
13.8067	169
13.8146	169
13.8215	169
13.8294	169
13.8355	169
13.8465	169
13.8529	169
13.8635	169
13.8694	169
13.876	169
13.8819	169
13.8881	169
13.8964	169
13.9042	169
13.9108	169
13.9188	169
13.9246	169
13.9296	169
13.9362	169
13.9436	169
13.9516	169
13.9571	169
13.965	169
13.971	169
13.9771	169
13.984	169
13.9922	169
13.9996	169
14.006	169
14.0114	169
14.0167	169
14.0233	169
14.03	169
14.0377	169
14.0445	169
14.0517	169
14.0594	169
14.0675	169
14.076	169
14.0829	169
14.0904	169
14.0977	169
14.1044	169
14.1124	169
14.1207	169
14.129	169
14.1335	169
14.1393	169
14.1486	169
14.1552	169
14.1648	169
14.1736	169
14.1787	169
14.184	169
14.1895	169
14.1965	169
14.2011	169
14.208	169
14.2131	169
14.2194	169
14.2267	169
14.2352	169
14.2415	169
14.2509	169
14.2563	169
14.2655	169
14.2719	169
14.2774	169
14.2841	169
14.2943	169
14.303	169
14.3079	169
14.3151	169
14.3203	169
14.3267	169
14.3331	169
14.3398	169
14.3441	169
14.353	169
14.3625	169
14.3681	169
14.3751	169
14.3815	169
14.3868	169
14.3907	169
14.3974	169
14.4029	169
14.4086	169
14.4162	169
14.4235	169
14.4306	169
14.4372	169
14.444	169
14.4507	169
14.4579	169
14.4623	169
14.4721	169
14.4779	169
14.4848	169
14.4909	169
14.4987	169
14.5052	169
14.511	169
14.5199	169
14.5247	169
14.5306	169
14.5359	169
14.5427	169
14.5519	169
14.5572	169
14.565	169
14.5689	169
14.5768	169
14.5853	169
14.5926	169
14.6007	169
14.61	169
14.6176	169
14.6247	169
14.6311	169
14.6387	169
14.6455	169
14.6516	169
14.6593	169
14.6653	169
14.671	169
14.6821	169
14.6896	169
14.6956	169
14.7038	169
14.7074	169
14.7153	169
14.7222	169
14.7278	169
14.7341	169
14.7418	169
14.75	169
14.7562	169
14.764	169
14.7705	169
14.7764	169
14.7832	169
14.7882	169
14.793	169
14.801	169
14.8059	169
14.8129	169
14.8187	169
14.8259	169
14.8323	169
14.8378	169
14.8458	169
14.852	169
14.8605	169
14.8686	169
14.8743	169
14.8804	169
14.8872	169
14.8928	169
14.8996	169
14.9098	169
14.9181	169
14.9225	169
14.9279	169
14.9333	169
14.9387	169
14.9444	169
14.951	169
14.9579	169
14.9635	169
14.9707	169
14.9781	169
14.9855	169
14.9919	169
14.9985	169
15.006	169
15.0112	169
15.0196	169
15.0291	169
15.0357	169
15.0455	169
15.0525	169
15.0632	169
15.07	169
15.0763	169
15.0845	169
15.0927	169
15.1017	169
15.1086	169
15.1146	169
15.1216	169
15.1299	169
15.1364	169
15.1428	169
15.1494	169
15.1549	169
15.1625	169
15.1696	169
15.1782	169
15.1841	169
15.1902	169
15.1977	169
15.2019	169
15.208	169
15.2124	169
15.2206	169
15.2274	169
15.2337	169
15.2385	169
15.2483	169
15.2533	169
15.2605	169
15.266	169
15.273	169
15.2795	169
15.2866	169
15.2963	169
15.3015	169
15.3119	169
15.3166	169
15.3238	169
15.3321	169
15.3402	169
15.3461	169
15.3538	169
15.3604	169
15.3676	169
15.3785	169
15.3855	169
15.3912	169
15.3982	169
15.4049	169
15.4105	169
15.4156	169
15.4225	169
15.4296	169
15.4375	169
15.4438	169
15.4497	169
15.4552	169
15.4629	169
15.4724	169
15.4801	169
15.4889	169
15.4944	168
15.5018	168
15.5065	168
15.5137	168
15.5202	168
15.5269	168
15.5334	168
15.5405	168
15.5476	168
15.5554	168
15.5651	168
15.5726	168
15.5785	168
15.5865	168
15.5916	167
15.5984	167
15.6073	167
15.6133	167
15.6203	167
15.6266	167
15.6366	167
15.6447	167
15.6491	167
15.6562	167
15.6624	167
15.6695	167
15.6768	167
15.6821	167
15.6877	167
15.6914	167
15.6974	167
15.7026	167
15.7077	167
15.7136	167
15.7185	167
15.7258	167
15.7335	167
15.7402	167
15.7479	167
15.755	167
15.7637	167
15.77	167
15.7771	167
15.7828	167
15.7882	167
15.7962	167
15.8015	167
15.8101	167
15.8182	167
15.8242	167
15.8345	167
15.8424	167
15.8483	167
15.8558	167
15.8637	167
15.8722	167
15.8786	167
15.8885	167
15.8971	167
15.9031	167
15.9086	167
15.9156	167
15.9227	167
15.9284	167
15.9354	167
15.9413	167
15.9498	167
15.9554	167
15.9659	167
15.9732	167
15.9825	167
15.9878	167
15.9947	167
16.0011	167
16.0076	167
16.0164	167
16.0221	167
16.0296	167
16.0359	167
16.042	167
16.0492	167
16.0553	167
16.0626	167
16.0685	167
16.0753	167
16.0834	167
16.0891	167
16.0979	167
16.1045	167
16.1123	167
16.1226	167
16.1293	167
16.1367	167
16.1431	167
16.1503	167
16.1589	167
16.1659	167
16.1729	167
16.1788	167
16.1835	167
16.1933	167
16.1985	167
16.2058	167
16.2104	167
16.2181	167
16.2234	167
16.2288	167
16.2377	167
16.2432	167
16.2494	167
16.258	167
16.2653	167
16.2773	167
16.286	167
16.2917	167
16.2987	167
16.3068	167
16.3144	167
16.3211	167
16.3255	167
16.3329	167
16.3379	167
16.3466	167
16.354	167
16.3628	167
16.3685	167
16.3762	167
16.3826	167
16.3906	167
16.3979	167
16.4079	167
16.4153	167
16.4241	167
16.4302	167
16.44	167
16.4496	167
16.4565	167
16.4619	167
16.4711	167
16.4763	167
16.4848	167
16.4937	166
16.5005	166
16.5079	166
16.5162	166
16.5212	166
16.5305	166
16.5343	166
16.5411	166
16.5527	166
16.5599	166
16.5665	166
16.5725	166
16.5792	166
16.5861	166
16.5918	166
16.5999	166
16.6054	165
16.6144	165
16.6189	165
16.6256	165
16.6325	165
16.64	165
16.6468	165
16.6535	165
16.6593	165
16.6663	165
16.6748	165
16.6825	165
16.6884	165
16.694	165
16.7029	165
16.7081	165
16.7179	165
16.7222	165
16.7302	165
16.7359	165
16.7457	165
16.7562	165
16.7638	165
16.7715	165
16.7798	165
16.7878	165
16.7964	164
16.8029	164
16.8107	164
16.8189	164
16.8244	164
16.8323	164
16.8442	164
16.8497	164
16.8583	164
16.8689	164
16.8749	164
16.8807	164
16.8899	164
16.8989	164
16.9061	164
16.9128	164
16.92	164
16.9285	164
16.9364	164
16.9418	164
16.9511	164
16.9575	164
16.9667	164
16.972	164
16.9828	164
16.9904	164
17.0002	164
17.01	164
17.015	164
17.0227	164
17.032	164
17.0404	164
17.0493	164
17.0589	164
17.0682	164
17.0724	164
17.0793	164
17.0847	164
17.0908	164
17.099	164
17.1068	164
17.1153	164
17.1233	164
17.128	164
17.1348	164
17.1438	164
17.1501	164
17.1574	164
17.1634	164
17.1701	164
17.1757	164
17.1847	164
17.1917	164
17.1981	164
17.2037	164
17.2084	164
17.215	164
17.2229	164
17.2324	164
17.24	164
17.2475	164
17.2539	164
17.2609	164
17.2665	164
17.2716	164
17.2792	164
17.2873	164
17.2935	164
17.3004	164
17.3045	164
17.3101	164
17.3157	164
17.3227	164
17.3299	164
17.3376	164
17.348	164
17.3579	164
17.3631	164
17.3683	164
17.3738	164
17.3822	164
17.3899	164
17.3949	164
17.4022	164
17.4082	163
17.4165	163
17.4227	163
17.4319	163
17.4392	163
17.4434	163
17.4501	163
17.457	163
17.4664	163
17.4723	163
17.4795	163
17.4894	163
17.4985	163
17.5052	163
17.5123	163
17.5217	163
17.5272	163
17.5323	163
17.5378	163
17.5436	163
17.5525	163
17.5612	163
17.573	163
17.5853	163
17.5928	163
17.5996	163
17.6066	163
17.6144	163
17.6208	163
17.6294	163
17.6349	163
17.6416	163
17.6496	163
17.6564	163
17.6625	163
17.6679	163
17.6756	163
17.6849	163
17.6912	163
17.7	163
17.7058	163
17.714	163
17.7207	163
17.7274	163
17.7343	163
17.7388	163
17.7442	163
17.751	163
17.7587	163
17.7646	163
17.7731	163
17.7791	163
17.7858	163
17.7945	163
17.8057	163
17.8117	163
17.818	163
17.8256	163
17.8314	163
17.8397	163
17.8452	163
17.8552	163
17.8638	163
17.8691	163
17.8754	163
17.881	163
17.8878	163
17.8963	163
17.9019	163
17.9101	163
17.9184	163
17.926	163
17.9371	163
17.9438	163
17.951	163
17.9582	163
17.9681	163
17.9744	163
17.9792	163
17.9881	163
17.995	163
18.0026	162
18.0098	162
18.0166	162
18.0237	162
18.0296	162
18.0369	162
18.0427	162
18.0516	162
18.0547	162
18.0641	162
18.0679	162
18.0769	161
18.0848	161
18.0941	161
18.1011	161
18.1076	161
18.1196	161
18.1267	161
18.1339	161
18.1402	161
18.146	161
18.1536	161
18.1591	161
18.1667	161
18.1718	161
18.1776	161
18.1829	161
18.1908	161
18.1994	161
18.2063	161
18.2157	161
18.2212	161
18.2304	161
18.2379	161
18.2447	161
18.2519	161
18.2606	160
18.2701	160
18.2769	160
18.2842	160
18.2916	160
18.299	160
18.3066	160
18.313	160
18.322	160
18.331	160
18.3365	160
18.3442	160
18.351	160
18.358	160
18.3629	160
18.3705	160
18.3773	159
18.3856	159
18.3964	159
18.4027	159
18.4105	159
18.4196	159
18.4258	159
18.437	159
18.448	159
18.4569	159
18.4636	159
18.4686	159
18.4765	159
18.4861	159
18.4919	159
18.4999	159
18.508	159
18.5146	159
18.5217	159
18.5301	159
18.5385	158
18.5463	158
18.5517	158
18.562	157
18.5675	157
18.5748	157
18.5804	157
18.5885	157
18.5978	157
18.6029	157
18.6127	157
18.6218	157
18.6261	157
18.6355	157
18.643	157
18.6509	157
18.6565	157
18.6623	157
18.6692	157
18.6779	157
18.6854	157
18.6916	157
18.6988	157
18.7079	157
18.7145	157
18.7214	157
18.729	157
18.7355	157
18.7451	157
18.7563	157
18.7663	157
18.7711	157
18.7797	157
18.7859	157
18.7914	157
18.7978	157
18.8052	157
18.8112	157
18.8184	157
18.8268	157
18.8343	157
18.8398	157
18.8471	157
18.8533	157
18.8606	157
18.8676	157
18.8735	157
18.882	157
18.8899	157
18.8971	157
18.9052	157
18.9134	157
18.9199	157
18.9271	157
18.9387	157
18.9451	157
18.9543	157
18.9592	157
18.9659	157
18.9737	157
18.9795	157
18.9861	157
18.9933	157
19.003	157
19.0079	157
19.0147	157
19.0231	157
19.0318	157
19.0384	157
19.046	157
19.0533	157
19.0592	157
19.0652	157
19.0723	157
19.0799	157
19.0874	157
19.0953	157
19.1035	157
19.1106	157
19.1195	157
19.1252	157
19.1323	157
19.1402	157
19.146	157
19.1547	157
19.1627	157
19.1693	156
19.1761	156
19.1888	156
19.195	156
19.2017	156
19.2109	156
19.2171	156
19.2253	156
19.2329	156
19.242	156
19.2472	156
19.2522	156
19.2604	156
19.2679	156
19.278	156
19.2862	156
19.2913	156
19.3002	156
19.3066	156
19.3167	156
19.324	156
19.3303	156
19.3369	156
19.3438	156
19.3509	156
19.3587	156
19.3646	156
19.3697	156
19.3782	156
19.3845	156
19.3896	156
19.3955	156
19.4028	156
19.409	156
19.419	156
19.4269	156
19.4332	156
19.44	156
19.4449	156
19.4504	156
19.4576	156
19.463	156
19.4698	156
19.476	156
19.4821	156
19.4913	156
19.4986	156
19.5047	156
19.5107	156
19.5176	156
19.5279	155
19.5328	155
19.5409	155
19.5467	155
19.5524	155
19.5606	155
19.569	155
19.5756	155
19.5832	155
19.5906	155
19.597	155
19.6045	155
19.6091	155
19.6189	155
19.626	155
19.6345	155
19.6446	155
19.6514	155
19.6592	155
19.6671	155
19.6757	155
19.6842	155
19.6927	155
19.7016	155
19.7092	155
19.7174	155
19.7231	155
19.7291	155
19.7355	155
19.7417	155
19.7484	155
19.7588	155
19.7647	155
19.7726	155
19.7806	155
19.7879	155
19.793	155
19.7992	155
19.8059	155
19.8153	155
19.8211	155
19.8299	155
19.8383	155
19.8464	155
19.8561	155
19.8597	155
19.8659	155
19.8702	155
19.8799	155
19.8879	155
19.8964	155
19.9055	155
19.9105	155
19.9196	155
19.9268	155
19.9314	155
19.94	155
19.9482	155
19.9556	155
19.962	155
19.9679	155
19.9749	155
19.9844	155
19.9938	155
19.9996	155
20.0074	155
20.0152	155
20.0231	155
20.0311	155
20.0379	155
20.0437	155
20.0505	155
20.0559	155
20.0623	155
20.0707	155
20.0784	155
20.0869	155
20.0927	155
20.0984	155
20.1069	155
20.1132	155
20.1231	155
20.1292	155
20.1368	155
20.1439	155
20.1513	155
20.1571	155
20.1624	155
20.1725	155
20.1785	155
20.1845	155
20.1899	155
20.2007	155
20.208	155
20.214	155
20.2199	155
20.2263	155
20.2353	155
20.2424	155
20.25	155
20.2561	155
20.2618	155
20.2668	155
20.2769	155
20.2848	155
20.2933	155
20.3009	155
20.3076	155
20.3136	155
20.3214	155
20.3285	155
20.3358	155
20.3429	155
20.3504	155
20.3603	154
20.3682	154
20.3753	154
20.3836	154
20.3883	154
20.3956	154
20.4027	154
20.411	154
20.4223	154
20.4311	154
20.4384	154
20.4448	154
20.4523	154
20.4594	154
20.4658	154
20.4726	154
20.4785	154
20.4864	154
20.4919	154
20.4992	154
20.5096	154
20.5203	154
20.5273	154
20.5346	154
20.5431	154
20.5534	154
20.5623	154
20.5711	154
20.5769	154
20.5838	154
20.589	154
20.5977	154
20.6046	154
20.6107	154
20.6182	154
20.6235	154
20.6301	154
20.6403	154
20.6468	154
20.654	154
20.6629	154
20.6705	154
20.6762	154
20.6822	154
20.6873	154
20.6946	154
20.7039	153
20.7129	153
20.7199	153
20.7267	153
20.7368	153
20.745	153
20.7561	153
20.766	153
20.7736	153
20.7802	153
20.788	153
20.7937	153
20.8	153
20.8043	153
20.8141	153
20.8221	153
20.8265	153
20.8369	153
20.8449	153
20.8507	153
20.8569	153
20.8661	153
20.8735	153
20.8803	153
20.8872	153
20.8974	153
20.9037	153
20.9091	153
20.9153	153
20.9235	153
20.9333	153
20.9393	153
20.9445	153
20.9519	153
20.9598	153
20.9733	153
20.9818	153
20.9864	153
20.9919	153
21.0013	153
21.0106	153
21.019	153
21.025	153
21.0309	153
21.0363	153
21.0454	153
21.0543	153
21.0605	153
21.0682	153
21.0756	153
21.0833	153
21.0897	153
21.1014	153
21.1071	153
21.112	153
21.1207	153
21.129	153
21.1379	153
21.1431	153
21.1501	153
21.1546	153
21.1624	153
21.1711	153
21.1771	153
21.1883	153
21.1972	153
21.2078	153
21.2151	153
21.2226	153
21.2349	153
21.2459	153
21.2533	152
21.2613	152
21.2675	152
21.2724	152
21.2823	152
21.2916	152
21.298	152
21.3043	152
21.3132	152
21.3205	152
21.3285	152
21.3352	152
21.3416	152
21.3478	152
21.3558	152
21.3652	152
21.3708	152
21.3756	152
21.3841	152
21.3889	152
21.3977	152
21.4059	152
21.4118	152
21.422	152
21.4319	152
21.4384	152
21.4457	152
21.4528	152
21.4603	152
21.4673	152
21.4755	152
21.4819	152
21.4887	152
21.4939	152
21.5027	152
21.5129	152
21.5197	152
21.5274	152
21.536	152
21.5419	152
21.5469	152
21.5534	152
21.5603	152
21.5674	152
21.5749	152
21.5822	152
21.5945	152
21.6003	152
21.6085	152
21.6196	152
21.6275	152
21.6342	152
21.6427	152
21.6474	152
21.6544	152
21.6623	152
21.6699	152
21.6778	152
21.6838	152
21.6907	152
21.6966	152
21.703	152
21.7127	152
21.7216	152
21.7289	152
21.7341	152
21.7393	152
21.7482	152
21.7567	152
21.7629	152
21.7732	152
21.78	152
21.7857	152
21.7936	152
21.7992	152
21.8067	152
21.8171	152
21.8287	152
21.8349	152
21.843	152
21.8504	152
21.8567	152
21.8639	152
21.8738	152
21.8807	152
21.8922	152
21.9016	152
21.9087	152
21.9133	152
21.9221	152
21.9278	152
21.9344	152
21.9432	152
21.949	152
21.9558	152
21.9609	152
21.9703	152
21.9788	152
21.9845	152
21.9894	152
21.9945	152
22.0021	152
22.0111	152
22.0192	152
22.0283	152
22.0373	152
22.0432	152
22.0501	152
22.0583	152
22.0684	152
22.074	152
22.0818	152
22.0887	152
22.0958	152
22.1019	152
22.1089	152
22.1193	152
22.1246	152
22.1313	152
22.1381	152
22.1449	152
22.1539	152
22.163	152
22.1731	152
22.1777	152
22.1852	152
22.1912	152
22.1975	152
22.2047	152
22.2123	152
22.2193	152
22.2265	152
22.2321	152
22.2416	152
22.2482	152
22.2546	152
22.2617	152
22.2685	152
22.2735	152
22.2833	152
22.2904	152
22.2975	152
22.3046	152
22.3105	152
22.3156	152
22.3235	152
22.33	152
22.3384	152
22.3464	152
22.3536	152
22.3594	152
22.3669	152
22.3748	152
22.3829	152
22.3935	152
22.4032	152
22.4119	151
22.4198	151
22.4255	151
22.4322	151
22.4406	151
22.4496	151
22.4576	151
22.4657	151
22.4718	151
22.4822	151
22.4908	151
22.4973	151
22.5085	151
22.5168	151
22.524	151
22.5312	151
22.5387	151
22.5478	151
22.5537	151
22.563	151
22.5701	151
22.5772	151
22.5864	151
22.5996	151
22.6079	151
22.6133	151
22.6206	151
22.6316	151
22.6372	151
22.6434	151
22.6499	151
22.6557	151
22.6664	151
22.6749	151
22.6878	151
22.6935	151
22.6989	151
22.7061	151
22.7134	151
22.7201	151
22.7249	151
22.7318	151
22.74	151
22.7487	151
22.7565	151
22.7636	151
22.771	151
22.7782	151
22.7866	151
22.7982	151
22.8054	151
22.8129	151
22.8207	151
22.8279	151
22.8343	151
22.845	151
22.8532	151
22.859	151
22.8654	151
22.8741	151
22.8811	151
22.8885	151
22.8983	151
22.909	151
22.9187	151
22.9253	151
22.9356	151
22.943	151
22.9493	151
22.956	151
22.9635	151
22.969	151
22.9755	151
22.9807	151
22.9861	151
22.9927	151
22.9994	151
23.0028	151
23.0097	151
23.0171	151
23.0246	151
23.0315	151
23.0421	151
23.0511	151
23.0579	151
23.0622	151
23.0672	151
23.0745	151
23.082	151
23.0895	151
23.0971	151
23.1042	151
23.1108	151
23.1171	151
23.1239	151
23.1325	151
23.1371	151
23.1451	151
23.1502	151
23.1598	151
23.1683	151
23.1779	151
23.1836	151
23.1919	151
23.2003	151
23.2058	151
23.2138	151
23.22	151
23.2296	151
23.2363	151
23.2417	151
23.2488	151
23.2603	151
23.2675	151
23.28	151
23.2882	151
23.2962	151
23.3024	151
23.3114	151
23.3173	151
23.3235	151
23.3332	151
23.3415	151
23.3483	151
23.3586	151
23.367	151
23.3754	151
23.3822	151
23.39	151
23.3976	151
23.4063	151
23.4138	151
23.42	151
23.4299	151
23.4368	151
23.4437	151
23.4528	151
23.4605	151
23.4667	151
23.4733	151
23.481	151
23.4903	151
23.4981	151
23.5041	151
23.5116	151
23.5181	151
23.5266	151
23.5311	151
23.537	151
23.5416	151
23.5528	151
23.5602	151
23.5691	151
23.5791	151
23.587	151
23.5989	151
23.608	151
23.6152	151
23.6206	151
23.6256	151
23.636	151
23.6422	151
23.6482	151
23.6517	151
23.6629	151
23.6683	151
23.6739	151
23.6815	151
23.6883	151
23.6963	151
23.7048	151
23.7104	151
23.7173	151
23.7278	151
23.7346	151
23.7432	151
23.7497	151
23.7591	151
23.7646	151
23.7698	151
23.7756	151
23.7835	151
23.7909	151
23.7966	151
23.8061	151
23.8098	151
23.8181	151
23.8235	151
23.831	151
23.8366	151
23.844	151
23.8508	151
23.8565	151
23.8657	151
23.8726	151
23.8813	151
23.8887	151
23.8947	151
23.9022	151
23.9133	151
23.9215	151
23.9278	151
23.9369	151
23.9443	151
23.9494	151
23.9575	151
23.9669	151
23.9744	151
23.9812	151
23.9914	151
23.9974	151
24.0075	151
24.0166	151
24.023	151
24.0282	151
24.0366	151
24.0478	151
24.0544	151
24.062	151
24.0696	151
24.082	151
24.0923	151
24.0986	151
24.1058	151
24.1107	151
24.1207	151
24.1288	151
24.1385	151
24.1464	151
24.1547	151
24.1597	151
24.1677	151
24.1782	151
24.1851	151
24.1929	150
24.2009	150
24.2076	150
24.2167	150
24.227	149
24.2349	149
24.2414	149
24.2525	149
24.2615	149
24.2711	149
24.2782	149
24.2858	149
24.2951	149
24.302	149
24.3071	149
24.3177	149
24.3246	149
24.3331	149
24.3395	149
24.3457	149
24.3546	149
24.362	149
24.3707	149
24.3782	149
24.3865	149
24.3948	149
24.4023	149
24.4094	149
24.4158	149
24.4238	149
24.4297	149
24.4392	149
24.4498	149
24.4562	149
24.4635	149
24.4729	149
24.4805	149
24.4862	149
24.4953	149
24.5042	149
24.511	149
24.5206	149
24.5263	149
24.5358	149
24.5423	149
24.5519	149
24.556	149
24.5625	149
24.5704	149
24.5781	149
24.5857	149
24.5932	149
24.6016	149
24.6088	149
24.6144	149
24.6229	149
24.6282	149
24.6372	149
24.6445	149
24.6489	149
24.6579	148
24.6655	148
24.6758	148
24.6842	148
24.6904	148
24.6996	148
24.7115	148
24.7217	148
24.7291	148
24.7391	148
24.7482	148
24.761	148
24.7725	148
24.7793	148
24.7885	148
24.7985	148
24.8052	148
24.8136	148
24.8213	148
24.8323	148
24.8397	148
24.8478	148
24.8563	148
24.8634	148
24.8701	148
24.8772	148
24.8857	148
24.8916	148
24.9021	148
24.9128	147
24.9216	147
24.9288	147
24.9376	147
24.9438	147
24.9525	147
24.959	147
24.9676	147
24.9762	147
24.9842	147
24.9888	147
24.9961	147
25.0033	147
25.0112	147
25.0202	147
25.0302	147
25.0381	147
25.044	147
25.0529	147
25.058	147
25.0631	147
25.0745	147
25.084	147
25.0913	147
25.0996	147
25.1045	147
25.1111	147
25.1155	147
25.1221	147
25.1303	147
25.1383	147
25.1453	147
25.1525	147
25.1555	147
25.1602	147
25.1666	147
25.1747	147
25.1826	147
25.1861	147
25.1906	147
25.196	147
25.2022	147
25.2067	147
25.2129	147
25.2201	147
25.228	147
25.2341	147
25.2442	147
25.2489	147
25.2533	147
25.2622	147
25.2697	147
25.2768	147
25.2824	147
25.2886	147
25.2964	147
25.3048	147
25.3109	147
25.3159	147
25.3218	147
25.3267	147
25.331	147
25.3374	147
25.3413	147
25.3521	147
25.3565	147
25.361	147
25.3691	147
25.3752	147
25.3829	147
25.3898	147
25.3962	147
25.4023	147
25.4101	147
25.4161	147
25.4235	147
25.4323	147
25.4396	147
25.4485	147
25.454	147
25.4602	147
25.467	147
25.4728	147
25.4785	147
25.4858	147
25.4945	147
25.5027	147
25.5119	147
25.5169	147
25.5207	147
25.5287	147
25.5354	147
25.5401	147
25.5472	147
25.557	147
25.5629	147
25.5701	147
25.5738	147
25.5838	147
25.5903	147
25.598	147
25.6081	146
25.6173	146
25.6239	146
25.6283	146
25.6343	146
25.6406	146
25.6459	146
25.6534	146
25.6633	146
25.6696	146
25.6777	146
25.6841	146
25.6918	146
25.6995	146
25.7067	146
25.7131	146
25.7209	146
25.729	146
25.7365	146
25.7424	146
25.7485	146
25.7552	146
25.7645	146
25.7712	146
25.776	146
25.7837	146
25.7915	146
25.798	146
25.8053	146
25.8113	146
25.8214	146
25.8288	146
25.8345	146
25.8427	146
25.8481	146
25.8558	146
25.8624	146
25.8683	146
25.8759	146
25.8827	146
25.8888	146
25.8944	146
25.9	146
25.9057	146
25.9146	146
25.9242	145
25.9303	145
25.9359	145
25.9441	145
25.9561	145
25.9654	145
25.97	145
25.9753	145
25.9822	145
25.9862	145
25.9948	145
26.002	145
26.0099	145
26.0173	145
26.0247	145
26.0304	145
26.0378	145
26.0452	145
26.0521	145
26.059	145
26.0639	145
26.0694	145
26.0749	145
26.0828	145
26.0874	145
26.0941	145
26.1039	145
26.1129	145
26.118	145
26.1238	145
26.1309	145
26.1375	144
26.1466	144
26.1533	144
26.1577	144
26.1677	144
26.1744	144
26.1784	144
26.183	144
26.1894	144
26.2021	144
26.2074	144
26.2169	144
26.2239	144
26.23	144
26.2374	144
26.2444	144
26.2518	144
26.2588	144
26.269	144
26.2771	144
26.2826	144
26.2934	144
26.2992	144
26.3064	144
26.3123	144
26.3187	144
26.3243	144
26.3307	144
26.3404	144
26.3482	144
26.3543	144
26.3596	144
26.3666	144
26.3748	143
26.381	143
26.3882	143
26.3958	143
26.4038	143
26.4095	143
26.4147	143
26.4191	143
26.4274	143
26.4343	143
26.4404	143
26.4498	143
26.46	143
26.4653	143
26.4751	143
26.4815	143
26.4902	143
26.4969	143
26.5056	143
26.5124	143
26.5175	143
26.5261	143
26.531	143
26.5421	143
26.5504	143
26.5603	143
26.5661	143
26.5718	143
26.5772	143
26.5865	143
26.5936	143
26.6002	143
26.608	143
26.6159	143
26.6227	143
26.6284	143
26.6347	143
26.6402	143
26.6468	143
26.6516	143
26.6634	143
26.6726	143
26.6828	143
26.692	143
26.6983	143
26.703	143
26.7094	143
26.7153	143
26.7229	143
26.733	143
26.7391	143
26.7463	143
26.7545	143
26.7602	143
26.7678	143
26.7741	143
26.782	143
26.7877	143
26.7948	143
26.8027	143
26.8104	143
26.815	143
26.8241	143
26.8315	143
26.8358	143
26.8412	143
26.8472	143
26.8535	143
26.8605	143
26.8673	143
26.8772	143
26.8888	143
26.8955	143
26.9016	143
26.9055	143
26.911	143
26.9198	143
26.9254	143
26.9347	143
26.9397	143
26.9462	143
26.9546	143
26.9633	143
26.9704	143
26.9776	143
26.9823	143
26.9899	143
26.9998	143
27.0065	143
27.0157	143
27.0225	143
27.0282	143
27.037	143
27.0411	143
27.049	143
27.0539	143
27.0619	143
27.0686	143
27.0752	143
27.0827	143
27.0873	143
27.0927	143
27.1012	143
27.1086	143
27.1152	143
27.1216	143
27.1301	143
27.1382	143
27.1455	143
27.1534	143
27.1612	143
27.167	143
27.1746	143
27.1875	143
27.1952	143
27.2029	143
27.2094	143
27.2153	143
27.2217	143
27.2286	143
27.2347	143
27.2409	143
27.2464	143
27.2506	143
27.2587	143
27.267	143
27.2751	143
27.2823	143
27.2966	143
27.3023	143
27.3123	143
27.3185	143
27.3243	143
27.3353	143
27.3413	143
27.3473	143
27.3559	143
27.3645	143
27.3733	143
27.379	142
27.3844	142
27.3911	142
27.3966	142
27.4065	142
27.4127	142
27.422	142
27.4273	142
27.4348	142
27.4401	142
27.448	142
27.4557	142
27.4655	142
27.47	142
27.4787	142
27.485	142
27.4916	142
27.4988	142
27.5072	142
27.5141	142
27.5196	142
27.5273	142
27.5335	142
27.5399	142
27.5465	142
27.5529	142
27.5583	142
27.5648	142
27.5707	142
27.5789	142
27.5895	142
27.5947	142
27.6022	142
27.6095	142
27.6171	142
27.6256	142
27.6342	142
27.6404	142
27.6456	142
27.653	142
27.6598	142
27.6666	142
27.6736	142
27.6806	142
27.6866	142
27.695	142
27.7045	142
27.7146	142
27.7256	142
27.7316	142
27.741	142
27.7491	142
27.7564	142
27.7645	142
27.7718	142
27.7779	142
27.7856	142
27.7918	142
27.7973	142
27.8036	142
27.8135	142
27.8189	141
27.8255	141
27.8316	141
27.8391	141
27.8447	141
27.8526	141
27.8604	141
27.8677	141
27.875	141
27.8831	141
27.8887	141
27.8979	141
27.908	141
27.9148	141
27.9234	141
27.9321	141
27.9386	141
27.9468	141
27.9545	141
27.9618	141
27.9687	141
27.9745	141
27.9803	141
27.9893	141
27.9988	141
28.01	141
28.0171	141
28.0235	141
28.0293	141
28.0382	141
28.0439	141
28.0504	141
28.0598	141
28.0662	141
28.0745	141
28.0832	141
28.0887	141
28.0976	141
28.1039	141
28.1116	141
28.1199	141
28.1261	141
28.1307	141
28.1394	141
28.1498	141
28.1592	141
28.1656	141
28.1729	141
28.1805	140
28.19	140
28.196	140
28.2028	140
28.2141	140
28.2226	140
28.2339	140
28.243	140
28.2505	140
28.2578	140
28.2634	140
28.2688	140
28.2745	140
28.2813	140
28.2891	140
28.2957	140
28.3017	140
28.3112	140
28.3146	140
28.3229	140
28.3314	140
28.3399	140
28.3482	140
28.3565	140
28.3626	140
28.3703	140
28.3797	140
28.39	140
28.3947	140
28.4001	140
28.4072	140
28.4161	140
28.4242	140
28.4292	140
28.4377	140
28.4446	140
28.4506	140
28.4588	140
28.4663	140
28.4731	140
28.4768	140
28.4841	140
28.4898	140
28.4943	140
28.5015	140
28.5053	140
28.5157	140
28.5219	140
28.5284	140
28.5336	140
28.5394	140
28.5461	140
28.552	140
28.5575	140
28.5652	140
28.5771	140
28.5852	140
28.5907	140
28.5966	140
28.6026	140
28.6099	140
28.6151	140
28.6239	140
28.633	140
28.643	140
28.6552	140
28.6637	140
28.6689	140
28.6814	140
28.6871	140
28.6951	140
28.7037	140
28.7107	140
28.7195	140
28.7291	140
28.7366	140
28.7452	140
28.7527	140
28.7612	140
28.7655	140
28.7714	140
28.7776	140
28.7873	140
28.7923	140
28.7966	140
28.8043	140
28.8148	140
28.8245	140
28.8333	140
28.8389	140
28.8437	140
28.8522	140
28.8571	140
28.8676	140
28.8762	140
28.8868	140
28.8941	140
28.8982	140
28.9082	140
28.915	140
28.9229	140
28.9313	140
28.9384	140
28.9471	140
28.9548	140
28.9613	140
28.969	140
28.9749	140
28.9813	140
28.9903	140
28.996	140
29.002	140
29.0086	140
29.0143	140
29.0214	140
29.0275	140
29.0351	140
29.0426	140
29.0502	140
29.0559	140
29.0646	140
29.0725	140
29.0793	140
29.0859	140
29.0916	140
29.0989	140
29.1063	140
29.1145	140
29.1262	140
29.1338	140
29.14	140
29.147	140
29.1537	140
29.16	140
29.1666	140
29.1741	140
29.1781	140
29.1838	140
29.1925	140
29.1967	140
29.2043	140
29.2126	140
29.2181	140
29.2298	140
29.2408	140
29.2498	140
29.2588	140
29.2648	140
29.271	140
29.2783	140
29.2851	140
29.2936	140
29.3	140
29.3048	140
29.3116	140
29.3175	140
29.3226	140
29.3317	140
29.3409	140
29.3453	140
29.3519	140
29.3591	140
29.3654	140
29.3736	140
29.3783	140
29.3834	140
29.3901	140
29.4023	140
29.4125	140
29.4208	140
29.4293	140
29.4371	140
29.445	140
29.4542	140
29.465	140
29.4727	140
29.48	140
29.4906	140
29.5005	140
29.5108	140
29.5196	140
29.5263	140
29.5344	140
29.5433	140
29.5497	140
29.5566	140
29.5633	140
29.5739	140
29.5829	140
29.5883	140
29.5932	140
29.6007	140
29.611	140
29.6191	140
29.6255	140
29.6344	140
29.6444	140
29.6548	140
29.6604	140
29.6666	140
29.675	140
29.6802	140
29.6852	140
29.6919	140
29.699	140
29.7076	140
29.714	140
29.7219	140
29.7323	140
29.7389	140
29.7437	140
29.7524	140
29.7624	140
29.7713	140
29.7783	140
29.786	140
29.7918	140
29.7995	140
29.8059	140
29.8128	140
29.8197	140
29.829	140
29.8353	140
29.8431	140
29.8515	139
29.8579	139
29.8629	139
29.8724	139
29.877	139
29.8852	139
29.8925	139
29.8991	139
29.907	139
29.9138	139
29.9238	139
29.9294	139
29.9364	139
29.9456	139
29.9543	139
29.9606	139
29.9679	139
29.9744	139
29.9827	139
29.9879	139
29.993	139
30.0003	139
30.0064	139
30.0127	139
30.0206	139
30.028	139
30.0346	139
30.0402	139
30.0456	139
30.0549	139
30.0609	139
30.0699	139
30.0755	139
30.0834	139
30.0923	139
30.1008	139
30.1098	139
30.1186	139
30.1233	139
30.1312	139
30.1402	139
30.1489	139
30.1551	139
30.1624	139
30.1733	139
30.1811	139
30.1916	139
30.1965	139
30.2052	139
30.2128	139
30.2222	139
30.2328	139
30.2393	139
30.2476	139
30.2593	139
30.2682	139
30.2743	139
30.2819	139
30.2879	139
30.2936	139
30.3001	139
30.3053	139
30.3119	139
30.3187	139
30.326	139
30.3338	139
30.3417	139
30.3499	139
30.3598	139
30.3647	139
30.3726	139
30.3811	139
30.3894	139
30.3941	139
30.3997	139
30.4063	139
30.4142	139
30.4179	139
30.4263	139
30.4345	139
30.442	139
30.45	139
30.4555	139
30.4607	139
30.4661	139
30.4726	139
30.4785	139
30.4861	139
30.4922	139
30.4997	139
30.5048	139
30.5099	139
30.5148	139
30.5221	139
30.5282	139
30.5363	139
30.544	139
30.5497	139
30.557	139
30.5642	139
30.5727	139
30.5808	139
30.5882	139
30.5961	139
30.602	139
30.6093	139
30.6128	139
30.6193	139
30.6276	139
30.6331	139
30.6393	139
30.6517	139
30.6607	139
30.6685	139
30.6761	139
30.682	139
30.6869	139
30.6962	139
30.707	139
30.7134	139
30.72	139
30.7256	139
30.7327	139
30.7402	139
30.7493	139
30.7562	139
30.7641	139
30.7721	139
30.7799	139
30.7865	139
30.7934	139
30.8009	137
30.8079	137
30.8142	137
30.8219	137
30.8305	137
30.8387	137
30.8452	137
30.8538	137
30.8611	137
30.8659	137
30.8745	137
30.8801	137
30.8876	137
30.8968	137
30.9024	137
30.9106	137
30.9193	137
30.9268	137
30.9332	137
30.941	137
30.9493	137
30.9599	137
30.9714	137
30.9768	137
30.982	137
30.9893	137
30.9954	137
31.0035	137
31.0106	137
31.021	137
31.0282	137
31.0331	137
31.0408	137
31.0475	137
31.0542	137
31.0629	137
31.0689	137
31.0804	137
31.0899	137
31.0981	137
31.1038	137
31.1101	137
31.1172	137
31.1225	137
31.1306	137
31.1373	137
31.1441	137
31.1503	137
31.1611	137
31.1686	137
31.1738	137
31.1808	137
31.1866	137
31.1921	137
31.1983	137
31.2055	137
31.2135	137
31.2188	137
31.2278	137
31.2332	137
31.238	137
31.2486	137
31.2591	137
31.2646	137
31.27	137
31.2773	137
31.2847	137
31.2897	137
31.2956	137
31.3005	137
31.3089	137
31.3163	137
31.3277	137
31.3332	137
31.3416	137
31.3473	137
31.3542	137
31.3611	137
31.3672	137
31.3751	137
31.3872	137
31.3932	137
31.3992	137
31.4064	137
31.4179	137
31.4242	137
31.4309	137
31.4386	137
31.4455	137
31.4529	137
31.4621	137
31.4699	137
31.4788	137
31.4878	137
31.4969	137
31.5018	137
31.5094	137
